%Mem=2500MB
%nproc=4
%chk=./NADH.chk
# AM1 Opt Freq=(scale=0.9532)

Title Card Required

0 1
 C                 -1.23947700    0.40157813    0.21851673
 C                 -0.09866404   -0.23043599   -0.15045718
 C                  1.03617047    0.55167542   -0.82282939
 C                  1.01864600    1.99785573   -0.31303805
 C                 -0.14855357    2.57724929    0.05976968
 N                 -1.42989913    1.84720041   -0.01435160
 H                  1.97506007    0.09846759   -0.58202035
 H                 -2.02055781   -0.16009455    0.68685056
 H                  1.93185687    2.55209936   -0.25171985
 H                 -0.14164985    3.58708756    0.41343481
 C                  0.05839843   -1.74075191    0.10620837
 O                 -0.87118874   -2.38528788    0.65758085
 N                  1.29421900   -2.42950238   -0.29287848
 H                  1.08686206   -3.38078765   -0.52104383
 H                  1.68716462   -1.97325719   -1.09127316
 C                 -2.33373283    2.37568803    1.01748438
 H                 -1.89777373    2.22756401    1.98335131
 H                 -2.48989362    3.42140841    0.85322023
 H                 -3.27142371    1.86277315    0.96694587
 H                  0.89883272    0.54311788   -1.88394442

 
****
H
PQN=1
NValence=1
F0ss=0.4721553327
ZetaOverlap=1.1880780000
U=-0.4188110042
Beta=-0.2268825074
CoreKO=1.0589197790
KON=0,0,0,1.0589197790
KON=1,0,1,1.0589197790
KON=0,1,1,1.0589197790
KON=2,1,1,1.0589197790
EISol=-0.4188110042
EHeat=0.0830298228
Alpha=1.5252601686
GCore=0.0085277107,1.4001425905,2.2676713595
GCore=0.0003534810,1.4001425905,3.4015070392
GCore=-0.0012733648,0.5600570362,3.9684248791
****
C
PQN=2,2
NValence=4
F0ss=0.4494442496
F0sp=0.4215147623
F0pp=0.3768030831
F2pp=0.1898715146
G1sp=0.2679025821
ZetaOverlap=1.8086650000,1.6851160000
U=-1.9120180828,-1.4557965594
Beta=-0.5775444233,-0.2836784428
DDN=0,1,0.8236736000
DDN=1,1,0.7268015000
CoreKO=1.1124284736
KON=0,0,0,1.1124284736
KON=1,0,1,0.8219701441
KON=0,1,1,1.1124284736
KON=2,1,1,0.7783928119
EISol=-4.4398989268
EHeat=0.2723305520
Alpha=1.4014062429
DipHyp=1.6472524267
GCore=0.0007885612,1.4001425905,3.0235618126
GCore=0.0031892455,1.4001425905,3.4959933458
GCore=-0.0013931594,1.4001425905,3.8739385724
GCore=-0.0000875022,1.4001425905,5.0077742521
****
O
PQN=2,2
NValence=6
F0ss=0.5666745976
F0sp=0.5321302318
F0pp=0.4958708974
F2pp=0.2358081713
G1sp=0.4343770262
ZetaOverlap=3.1080320000,2.5240390000
U=-3.5951865036,-2.8760896690
Beta=-1.0757546603,-1.0757546603
DDN=0,1,0.4988896000
DDN=1,1,0.4852322000
CoreKO=0.8822957477
KON=0,0,0,0.8822957477
KON=1,0,1,0.5019543089
KON=0,1,1,0.8822957477
KON=2,1,1,0.5515584117
EISol=-11.6164441184
EHeat=0.0949133088
Alpha=2.3576807890
DipHyp=0.9977217969
GCore=0.0195117322,1.4001425905,1.6023328031
GCore=0.0056550009,1.9601996266,2.7307884326
****
N
PQN=2,2
NValence=5
F0ss=0.4994233321
F0sp=0.4652464595
F0pp=0.4429518688
F2pp=0.2128398429
G1sp=0.3461786452
ZetaOverlap=2.3154100000,2.1579400000
U=-2.6408065231,-2.1008700363
Beta=-0.7459785987,-0.6702586716
DDN=0,1,0.6433247000
DDN=1,1,0.5675528000
CoreKO=1.0011038171
KON=0,0,0,1.0011038171
KON=1,0,1,0.6393175158
KON=0,1,1,1.0011038171
KON=2,1,1,0.6342362236
EISol=-7.4383480104
EHeat=0.1800769640
Alpha=1.5596365784
DipHyp=1.2865753779
GCore=0.0017535850,1.4001425905,2.8345891993
GCore=0.0020106747,1.4001425905,3.9684248791
GCore=-0.0004032044,0.5600570362,4.5353427189
****
