%chk=CO2_AM1_SRP_FDH_water.chk
%Mem=1000MB
%NProcShared=4
#P AM1=(Input,Print) opt

CO2 optimization AM1 in water
                
0 1
 C                  0.00000000    0.00000000    0.00000000
 O                  0.00000000    0.00000000    1.15575300
 O                  0.00000000    0.00000000   -1.15575300

 Method=8 CoreType=1 PeptideFC=0.0114505045 RIJScale=0.5291772086
****
C
PQN=2,2
NValence=4
F0ss=0.448877936176
F0sp=0.42168818543
F0pp=0.376938344395
F2pp=0.189919289719
G1sp=0.26555651067
ZetaOverlap=1.80797595758,1.68549184308
U=-1.91227874756,-1.45566987023
Beta=-0.578191916797,-0.283537668628
DDN=0,1,0.823514771333
DDN=1,1,0.726494357783
CoreKO=1.11427989881
KON=0,0,0,1.11373556905
KON=1,0,1,0.824897257732
KON=0,1,1,1.11365009082
KON=2,1,1,0.779016442058
EISol=-4.43794879153
EHeat=0.272209562287
Alpha=1.40181332418
DipHyp=1.64793834256
GCore=0.000788175100134,1.40037796172,3.06099204211
GCore=0.00318693015053,1.39973156679,3.49451761384
GCore=-0.00139266645094,1.39986493404,3.87273627039
GCore=-8.75245087987e-05,1.4003539103,5.00685642963
****
O
PQN=2,2
NValence=6
F0ss=0.566494205117
F0sp=0.531706635089
F0pp=0.495663371623
F2pp=0.235816287319
G1sp=0.434688880869
ZetaOverlap=3.10662677604,2.52353954683
U=-3.66611188327,-2.90070074454
Beta=-1.04615494821,-1.09661591205
DDN=0,1,0.498721596295
DDN=1,1,0.485325589684
CoreKO=0.882272660648
KON=0,0,0,0.882128650188
KON=1,0,1,0.501662483661
KON=0,1,1,0.881810831239
KON=2,1,1,0.55123677038
EISol=-11.8467897043
EHeat=0.0949559063554
Alpha=2.35806950407
DipHyp=0.997195286905
GCore=0.0194990793181,1.39077627062,1.60197870328
GCore=0.00587017441608,1.96105016039,2.73018315886
****
