%chk=CO2_AM1_SRP_FDH_water.chk
%Mem=1000MB
%NProcShared=4
#P AM1=(Input,Print) opt

CO2 optimization AM1 in water
                
0 1
 C                  0.00000000    0.00000000    0.00000000
 O                  0.00000000    0.00000000    1.15575300
 O                  0.00000000    0.00000000   -1.15575300

 Method=8 CoreType=1 PeptideFC=0.0114505045 RIJScale=0.5291772086
****
C
PQN=2,2
NValence=4
F0ss=0.448757289491
F0sp=0.421484006563
F0pp=0.376955553704
F2pp=0.189831288766
G1sp=0.265485948233
ZetaOverlap=1.80832342844,1.68445480925
U=-1.91167643549,-1.45592012034
Beta=-0.578181920546,-0.28361543873
DDN=0,1,0.823401108751
DDN=1,1,0.726832258569
CoreKO=1.11401108229
KON=0,0,0,1.11449429932
KON=1,0,1,0.82522264895
KON=0,1,1,1.11404158369
KON=2,1,1,0.778389001228
EISol=-4.43843357734
EHeat=0.272245078307
Alpha=1.40086623044
DipHyp=1.64671648205
GCore=0.000788372355098,1.40019954615,3.06215355919
GCore=0.00319077540643,1.39997703003,3.49688541222
GCore=-0.00139349943193,1.40084124013,3.87539210677
GCore=-8.74655085559e-05,1.39939300684,5.00942845521
****
O
PQN=2,2
NValence=6
F0ss=0.566412598989
F0sp=0.532363036365
F0pp=0.495972442814
F2pp=0.235836462938
G1sp=0.434691024328
ZetaOverlap=3.10701666455,2.52522494548
U=-3.66468204371,-2.90146481571
Beta=-1.04641547081,-1.09638576971
DDN=0,1,0.498788082453
DDN=1,1,0.485202081163
CoreKO=0.882313772275
KON=0,0,0,0.882539838423
KON=1,0,1,0.50188672038
KON=0,1,1,0.881943108933
KON=2,1,1,0.551641063281
EISol=-11.8544791075
EHeat=0.094924470142
Alpha=2.35678559669
DipHyp=0.998067456078
GCore=0.0195173020986,1.39075862318,1.60231271433
GCore=0.00586833944848,1.95969098189,2.73095624058
****
