%chk=CO2_AM1_SRP_FDH_water.chk
%Mem=1000MB
%NProcShared=4
#P AM1=(Input,Print) opt

CO2 optimization AM1 in water
                
0 1
 C                  0.00000000    0.00000000    0.00000000
 O                  0.00000000    0.00000000    1.15575300
 O                  0.00000000    0.00000000   -1.15575300

 Method=8 CoreType=1 PeptideFC=0.0114505045 RIJScale=0.5291772086
****
C
PQN=2,2
NValence=4
F0ss=0.448622312738
F0sp=0.421554308276
F0pp=0.376659799939
F2pp=0.189919289719
G1sp=0.265469014387
ZetaOverlap=1.80905684091,1.68481588493
U=-1.91175896431,-1.45639792057
Beta=-0.578112972508,-0.283572291535
DDN=0,1,0.823736917548
DDN=1,1,0.726762162538
CoreKO=1.1140897133
KON=0,0,0,1.11396744923
KON=1,0,1,0.825274533202
KON=0,1,1,1.11407850366
KON=2,1,1,0.778601842246
EISol=-4.4385043603
EHeat=0.272218993863
Alpha=1.40204843402
DipHyp=1.64763659092
GCore=0.000788553816171,1.4004017554,3.06045269807
GCore=0.00318831783171,1.40005440432,3.49505689674
GCore=-0.0013924670654,1.40013150748,3.8736092183
GCore=-8.75084404905e-05,1.40035636347,5.00658843771
****
O
PQN=2,2
NValence=6
F0ss=0.566494205117
F0sp=0.531966494328
F0pp=0.49600676234
F2pp=0.235816287319
G1sp=0.434634991747
ZetaOverlap=3.1080849365,2.52345811591
U=-3.66611188327,-2.9025097555
Beta=-1.04630977392,-1.09716301882
DDN=0,1,0.498684204979
DDN=1,1,0.485325589684
CoreKO=0.882240170149
KON=0,0,0,0.882348468295
KON=1,0,1,0.501904240912
KON=0,1,1,0.88185926901
KON=2,1,1,0.551558699371
EISol=-11.8467897043
EHeat=0.0948968654356
Alpha=2.35569062994
DipHyp=0.997522374627
GCore=0.0195048120681,1.39083050205,1.60124416956
GCore=0.00586696490539,1.96105016039,2.73255646187
****
