%chk=CO2_AM1_SRP_FDH_water.chk
%Mem=1000MB
%NProcShared=4
#P AM1=(Input,Print) opt

CO2 optimization AM1 in water
                
0 1
 C                  0.00000000    0.00000000    0.00000000
 O                  0.00000000    0.00000000    1.15575300
 O                  0.00000000    0.00000000   -1.15575300

 Method=8 CoreType=1 PeptideFC=0.0114505045 RIJScale=0.5291772086
****
C
PQN=2,2
NValence=4
F0ss=0.44881104471
F0sp=0.421409503061
F0pp=0.376934811657
F2pp=0.189868001306
G1sp=0.265564845828
ZetaOverlap=1.80912091041,1.68592213087
U=-1.91268498562,-1.45580501978
Beta=-0.578382208439,-0.283685837906
DDN=0,1,0.823515776443
DDN=1,1,0.726669345598
CoreKO=1.11430431205
KON=0,0,0,1.11442086158
KON=1,0,1,0.824917727165
KON=0,1,1,1.11443069401
KON=2,1,1,0.778063941824
EISol=-4.43913951658
EHeat=0.272218829688
Alpha=1.40089786144
DipHyp=1.64660863819
GCore=0.000788764079736,1.3997292682,3.06105607363
GCore=0.00318913989953,1.39973824406,3.49470030819
GCore=-0.00139250477158,1.4004051943,3.87220468642
GCore=-8.75208995974e-05,1.40030923644,5.01012400676
****
O
PQN=2,2
NValence=6
F0ss=0.566752428923
F0sp=0.532423777412
F0pp=0.495967740332
F2pp=0.235837293689
G1sp=0.434401582863
ZetaOverlap=3.10777438645,2.52416444123
U=-3.66453416324,-2.89987272044
Beta=-1.04551479039,-1.09611986776
DDN=0,1,0.498626038037
DDN=1,1,0.485333479084
CoreKO=0.881872889629
KON=0,0,0,0.881851842182
KON=1,0,1,0.501976890991
KON=0,1,1,0.88208514806
KON=2,1,1,0.551318173258
EISol=-11.857902065
EHeat=0.0949788434483
Alpha=2.3576419297
DipHyp=0.997329427091
GCore=0.0195131300278,1.39040981114,1.6033557069
GCore=0.0058706593167,1.9608939953,2.72999605295
****
