%chk=CO2_AM1_SRP_FDH_water.chk
%Mem=1000MB
%NProcShared=4
#P AM1=(Input,Print) opt

CO2 optimization AM1 in water
                
0 1
 C                  0.00000000    0.00000000    0.00000000
 O                  0.00000000    0.00000000    1.15575300
 O                  0.00000000    0.00000000   -1.15575300

 Method=8 CoreType=1 PeptideFC=0.0114505045 RIJScale=0.5291772086
****
C
PQN=2,2
NValence=4
F0ss=0.448731478222
F0sp=0.421420268997
F0pp=0.376858316147
F2pp=0.189937604481
G1sp=0.265662121893
ZetaOverlap=1.80859073119,1.68579051856
U=-1.91221164225,-1.45503653328
Beta=-0.578520768678,-0.283543029196
DDN=0,1,0.823412330845
DDN=1,1,0.726593019773
CoreKO=1.11464729409
KON=0,0,0,1.11458208986
KON=1,0,1,0.825485905061
KON=0,1,1,1.114606949
KON=2,1,1,0.778110475295
EISol=-4.4376995672
EHeat=0.272432107968
Alpha=1.40117862171
DipHyp=1.64709024728
GCore=0.000788732029075,1.4001324883,3.06159106458
GCore=0.00318925207291,1.40065188746,3.49645858675
GCore=-0.00139310115149,1.4002115467,3.87266748982
GCore=-8.74734674977e-05,1.40031552156,5.010040983
****
O
PQN=2,2
NValence=6
F0ss=0.566547727826
F0sp=0.53206724281
F0pp=0.495650947857
F2pp=0.235696856915
G1sp=0.434485721984
ZetaOverlap=3.10860902678,2.5249701761
U=-3.66357187309,-2.8994406059
Beta=-1.04626775006,-1.09662327264
DDN=0,1,0.498882503015
DDN=1,1,0.485002146363
CoreKO=0.882424986478
KON=0,0,0,0.882327006815
KON=1,0,1,0.501740506334
KON=0,1,1,0.882337180457
KON=2,1,1,0.55143750186
EISol=-11.8551303551
EHeat=0.0949341443942
Alpha=2.3578331355
DipHyp=0.997360862848
GCore=0.0195096900598,1.38979770085,1.60266542379
GCore=0.00586782676703,1.96049680993,2.73204495356
****
