%chk=CO2_AM1_SRP_FDH_water.chk
%Mem=1000MB
%NProcShared=4
#P AM1=(Input,Print) opt

CO2 optimization AM1 in water
                
0 1
 C                  0.00000000    0.00000000    0.00000000
 O                  0.00000000    0.00000000    1.15575300
 O                  0.00000000    0.00000000   -1.15575300

 Method=8 CoreType=1 PeptideFC=0.0114505045 RIJScale=0.5291772086
****
C
PQN=2,2
NValence=4
F0ss=0.44881104471
F0sp=0.421409503061
F0pp=0.376934811657
F2pp=0.189788177944
G1sp=0.265576899064
ZetaOverlap=1.80893660806,1.68432877789
U=-1.91268498562,-1.45620047732
Beta=-0.578382208439,-0.283685837906
DDN=0,1,0.823855837087
DDN=1,1,0.726503747993
CoreKO=1.11381886017
KON=0,0,0,1.11440336479
KON=1,0,1,0.825428248103
KON=0,1,1,1.11465077478
KON=2,1,1,0.778241115823
EISol=-4.43913951658
EHeat=0.272218829688
Alpha=1.40089786144
DipHyp=1.64659902211
GCore=0.000788297496293,1.40006186238,3.05982979578
GCore=0.00318782039357,1.39946478664,3.49555866127
GCore=-0.00139246625503,1.39993045498,3.8757747477
GCore=-8.75206576962e-05,1.40002304766,5.00962172939
****
O
PQN=2,2
NValence=6
F0ss=0.566849380322
F0sp=0.532325549498
F0pp=0.495932029908
F2pp=0.235763881657
G1sp=0.434668649225
ZetaOverlap=3.10926709436,2.52416444123
U=-3.66479308541,-2.90193040458
Beta=-1.04595122625,-1.09648279758
DDN=0,1,0.498663136218
DDN=1,1,0.485333479084
CoreKO=0.882138602357
KON=0,0,0,0.882174861326
KON=1,0,1,0.501813455565
KON=0,1,1,0.88208514806
KON=2,1,1,0.551440687929
EISol=-11.8573962543
EHeat=0.0949488179296
Alpha=2.3576419297
DipHyp=0.997033290873
GCore=0.0195056020406,1.39035398759,1.60333160166
GCore=0.00586887713241,1.96128041985,2.73226655994
****
