%chk=CO2_AM1_SRP_FDH_water.chk
%Mem=1000MB
%NProcShared=4
#P AM1=(Input,Print) opt

CO2 optimization AM1 in water
                
0 1
 C                  0.00000000    0.00000000    0.00000000
 O                  0.00000000    0.00000000    1.15575300
 O                  0.00000000    0.00000000   -1.15575300

 Method=8 CoreType=1 PeptideFC=0.0114505045 RIJScale=0.5291772086
****
C
PQN=2,2
NValence=4
F0ss=0.44861132288
F0sp=0.421465882093
F0pp=0.376975025014
F2pp=0.189776952596
G1sp=0.265576899064
ZetaOverlap=1.80940255905,1.68456398071
U=-1.91162633026,-1.45535123586
Beta=-0.578063533421,-0.283458549906
DDN=0,1,0.823877738275
DDN=1,1,0.72669306933
CoreKO=1.11421542513
KON=0,0,0,1.11419884207
KON=1,0,1,0.824897257732
KON=0,1,1,1.11365009082
KON=2,1,1,0.779016442058
EISol=-4.43794879153
EHeat=0.272272393657
Alpha=1.40181332418
DipHyp=1.64793834256
GCore=0.000788737409722,1.3997292682,3.06050752615
GCore=0.00318913989953,1.40005606743,3.49470030819
GCore=-0.00139241696099,1.40040734796,3.87162023552
GCore=-8.74983600208e-05,1.40030923644,5.01012400676
****
O
PQN=2,2
NValence=6
F0ss=0.567049164491
F0sp=0.532126679493
F0pp=0.495934207721
F2pp=0.235736436623
G1sp=0.434690362774
ZetaOverlap=3.10669649451,2.52482070956
U=-3.66394774837,-2.89923550394
Beta=-1.04657410334,-1.09639726787
DDN=0,1,0.499012604102
DDN=1,1,0.485100184977
CoreKO=0.882181164518
KON=0,0,0,0.882440607747
KON=1,0,1,0.501681390327
KON=0,1,1,0.882116098099
KON=2,1,1,0.551591796907
EISol=-11.8540502613
EHeat=0.0949253019887
Alpha=2.35647140208
DipHyp=0.997202979522
GCore=0.0195107529046,1.39085432067,1.60186847515
GCore=0.00586539658685,1.96106073784,2.73144439764
****
