%chk=CO2_AM1_SRP_FDH_water.chk
%Mem=1000MB
%NProcShared=4
#P AM1=(Input,Print) opt

CO2 optimization AM1 in water
                
0 1
 C                  0.00000000    0.00000000    0.00000000
 O                  0.00000000    0.00000000    1.15575300
 O                  0.00000000    0.00000000   -1.15575300

 Method=8 CoreType=1 PeptideFC=0.0114505045 RIJScale=0.5291772086
****
C
PQN=2,2
NValence=4
F0ss=0.448852001471
F0sp=0.421520943498
F0pp=0.376731656043
F2pp=0.18995526801
G1sp=0.265692322252
ZetaOverlap=1.80880069055,1.68495282955
U=-1.91180580154,-1.45602109977
Beta=-0.578569083964,-0.283487800843
DDN=0,1,0.823696897225
DDN=1,1,0.726972910558
CoreKO=1.11471605601
KON=0,0,0,1.11473349103
KON=1,0,1,0.825256656564
KON=0,1,1,1.11467064766
KON=2,1,1,0.778629875888
EISol=-4.43883341472
EHeat=0.272389433463
Alpha=1.4012048491
DipHyp=1.64728069072
GCore=0.000788871670568,1.39948447837,3.06064761573
GCore=0.00318880672495,1.40042869348,3.49760433252
GCore=-0.00139335028779,1.40083281151,3.87347009978
GCore=-8.74764447099e-05,1.40063512636,5.00729787947
****
O
PQN=2,2
NValence=6
F0ss=0.566645767773
F0sp=0.531988575388
F0pp=0.495694099925
F2pp=0.235731356344
G1sp=0.434708225667
ZetaOverlap=3.10948178064,2.52445872229
U=-3.66303714188,-2.89914613247
Beta=-1.04646845821,-1.09672603027
DDN=0,1,0.498880377582
DDN=1,1,0.485046916945
CoreKO=0.882519835951
KON=0,0,0,0.882682681591
KON=1,0,1,0.501795897765
KON=0,1,1,0.882328130598
KON=2,1,1,0.551777140578
EISol=-11.8506485744
EHeat=0.0949273887011
Alpha=2.35659373924
DipHyp=0.997813493809
GCore=0.0195094819324,1.39081311771,1.60180230638
GCore=0.00586952013865,1.95975472317,2.73068373647
****
