%chk=CO2_AM1_SRP_FDH_water.chk
%Mem=1000MB
%NProcShared=4
#P AM1=(Input,Print) opt

CO2 optimization AM1 in water
                
0 1
 C                  0.00000000    0.00000000    0.00000000
 O                  0.00000000    0.00000000    1.15575300
 O                  0.00000000    0.00000000   -1.15575300

 Method=8 CoreType=1 PeptideFC=0.0114505045 RIJScale=0.5291772086
****
C
PQN=2,2
NValence=4
F0ss=0.448650380661
F0sp=0.421474193291
F0pp=0.376690619134
F2pp=0.189950209306
G1sp=0.265566055297
ZetaOverlap=1.80786726205,1.68477400844
U=-1.91171326029,-1.45539817752
Beta=-0.57825958033,-0.283569706436
DDN=0,1,0.82376201371
DDN=1,1,0.72712846886
CoreKO=1.11385086442
KON=0,0,0,1.11450470243
KON=1,0,1,0.825072080174
KON=0,1,1,1.11456814194
KON=2,1,1,0.778665587763
EISol=-4.43802974098
EHeat=0.272247478636
Alpha=1.40189484247
DipHyp=1.64716765889
GCore=0.000788180960031,1.40001673708,3.06051201354
GCore=0.00318957666622,1.40008347808,3.49721639131
GCore=-0.00139308202421,1.39973984689,3.87583471864
GCore=-8.74937563409e-05,1.3994385977,5.00704953474
****
O
PQN=2,2
NValence=6
F0ss=0.566837904428
F0sp=0.531897524603
F0pp=0.495628101053
F2pp=0.235715550541
G1sp=0.43459083491
ZetaOverlap=3.1086550797,2.52367363579
U=-3.66290529968,-2.89970800273
Beta=-1.04589342891,-1.09712185312
DDN=0,1,0.49900093684
DDN=1,1,0.485434870902
CoreKO=0.88215594573
KON=0,0,0,0.881913736405
KON=1,0,1,0.501841813801
KON=0,1,1,0.882126741568
KON=2,1,1,0.551824687975
EISol=-11.8541337451
EHeat=0.0949462850689
Alpha=2.35581416157
DipHyp=0.997488251387
GCore=0.0195036285002,1.39076441392,1.60160137894
GCore=0.00586844131432,1.95951120734,2.73016703584
****
