%chk=CO2_AM1_SRP_FDH_water.chk
%Mem=1000MB
%NProcShared=4
#P AM1=(Input,Print) opt

CO2 optimization AM1 in water
                
0 1
 C                  0.00000000    0.00000000    0.00000000
 O                  0.00000000    0.00000000    1.15575300
 O                  0.00000000    0.00000000   -1.15575300

 Method=8 CoreType=1 PeptideFC=0.0114505045 RIJScale=0.5291772086
****
C
PQN=2,2
NValence=4
F0ss=0.44882680377
F0sp=0.42139341223
F0pp=0.376929777494
F2pp=0.189811325807
G1sp=0.26569446499
ZetaOverlap=1.80825512712,1.68525280303
U=-1.91160055854,-1.45552419355
Beta=-0.578224377774,-0.2836961981
DDN=0,1,0.823884112872
DDN=1,1,0.726753101641
CoreKO=1.11447125012
KON=0,0,0,1.11462156239
KON=1,0,1,0.825006298942
KON=0,1,1,1.1142731119
KON=2,1,1,0.778057800489
EISol=-4.43769153063
EHeat=0.272306000789
Alpha=1.40146482768
DipHyp=1.6477127294
GCore=0.000788298948964,1.39957450019,3.06010401561
GCore=0.00318953361725,1.40069877004,3.4954084668
GCore=-0.0013934910795,1.40033341495,3.8742069302
GCore=-8.75371719682e-05,1.40038613187,5.00672500525
****
O
PQN=2,2
NValence=6
F0ss=0.566793717892
F0sp=0.531928866128
F0pp=0.495980034033
F2pp=0.235719030043
G1sp=0.434387736266
ZetaOverlap=3.10700379396,2.52365643505
U=-3.66451334014,-2.89912613187
Beta=-1.04628990778,-1.09638190867
DDN=0,1,0.498813189399
DDN=1,1,0.485066853464
CoreKO=0.882057533881
KON=0,0,0,0.882166060438
KON=1,0,1,0.501942484573
KON=0,1,1,0.882697509064
KON=2,1,1,0.551444610456
EISol=-11.8556280384
EHeat=0.0948991303801
Alpha=2.35573247712
DipHyp=0.99822254138
GCore=0.0195177168881,1.3900059672,1.60203708898
GCore=0.00586978524939,1.95944567603,2.73159341022
****
