%chk=CO2_AM1_SRP_FDH_water.chk
%Mem=1000MB
%NProcShared=4
#P AM1=(Input,Print) opt

CO2 optimization AM1 in water
                
0 1
 C                  0.00000000    0.00000000    0.00000000
 O                  0.00000000    0.00000000    1.15575300
 O                  0.00000000    0.00000000   -1.15575300

 Method=8 CoreType=1 PeptideFC=0.0114505045 RIJScale=0.5291772086
****
C
PQN=2,2
NValence=4
F0ss=0.44861132288
F0sp=0.421465882093
F0pp=0.376975025014
F2pp=0.189776952596
G1sp=0.265576899064
ZetaOverlap=1.80940255905,1.68456398071
U=-1.91162633026,-1.45535123586
Beta=-0.578063533421,-0.283458549906
DDN=0,1,0.823877738275
DDN=1,1,0.727078844855
CoreKO=1.11389275165
KON=0,0,0,1.11407575591
KON=1,0,1,0.825523924069
KON=0,1,1,1.11458908343
KON=2,1,1,0.778144781883
EISol=-4.43390810746
EHeat=0.272264583616
Alpha=1.4012985902
DipHyp=1.64793834256
GCore=0.000788297496293,1.40006186238,3.05982979578
GCore=0.00318693015053,1.39946478664,3.49555866127
GCore=-0.00139250477158,1.39971121162,3.87220468642
GCore=-8.75208995974e-05,1.40075540996,5.01012400676
****
O
PQN=2,2
NValence=6
F0ss=0.566716121564
F0sp=0.53176961009
F0pp=0.496092533178
F2pp=0.235745954311
G1sp=0.43480597166
ZetaOverlap=3.10765517519,2.52439415472
U=-3.66388722335,-2.90236465215
Beta=-1.0465810877,-1.09685198015
DDN=0,1,0.499146535721
DDN=1,1,0.485647152571
CoreKO=0.88222701347
KON=0,0,0,0.882700440019
KON=1,0,1,0.502053632649
KON=0,1,1,0.882327259357
KON=2,1,1,0.551784117305
EISol=-11.8457837961
EHeat=0.0949384317208
Alpha=2.35593926755
DipHyp=0.997838757502
GCore=0.019520345535,1.39024949441,1.60236038869
GCore=0.00586981648898,1.96032854335,2.73050101271
****
