%chk=CO2_AM1_SRP_FDH_water.chk
%Mem=1000MB
%NProcShared=4
#P AM1=(Input,Print) opt

CO2 optimization AM1 in water
                
0 1
 C                  0.00000000    0.00000000    0.00000000
 O                  0.00000000    0.00000000    1.15575300
 O                  0.00000000    0.00000000   -1.15575300

 Method=8 CoreType=1 PeptideFC=0.0114505045 RIJScale=0.5291772086
****
C
PQN=2,2
NValence=4
F0ss=0.448690962866
F0sp=0.42180741997
F0pp=0.376748830736
F2pp=0.189879233939
G1sp=0.265653787182
ZetaOverlap=1.80899458518,1.68484988242
U=-1.91227874756,-1.45566987023
Beta=-0.578342738103,-0.283725698502
DDN=0,1,0.823514771333
DDN=1,1,0.726540794005
CoreKO=1.11444377111
KON=0,0,0,1.11432409529
KON=1,0,1,0.824836497676
KON=0,1,1,1.11488761205
KON=2,1,1,0.778718239905
EISol=-4.43868025305
EHeat=0.272321176972
Alpha=1.40156979708
DipHyp=1.64718849928
GCore=0.000788767415658,1.40034330379,3.06046300868
GCore=0.00318991828682,1.39969281177,3.49795649647
GCore=-0.00139358094709,1.39953030856,3.8739668226
GCore=-8.75163730985e-05,1.40022018314,5.00762288878
****
O
PQN=2,2
NValence=6
F0ss=0.566799622482
F0sp=0.53224231276
F0pp=0.49586450757
F2pp=0.235857855436
G1sp=0.434590520353
ZetaOverlap=3.10814171461,2.5233756092
U=-3.66488549768,-2.90153856195
Beta=-1.04680779064,-1.09660203967
DDN=0,1,0.499124471747
DDN=1,1,0.485028784212
CoreKO=0.882066929039
KON=0,0,0,0.881864857473
KON=1,0,1,0.501799099426
KON=0,1,1,0.882166726842
KON=2,1,1,0.551321762098
EISol=-11.8490145799
EHeat=0.094873993084
Alpha=2.35607793154
DipHyp=0.998271674037
GCore=0.019516832597,1.39005969661,1.60224958606
GCore=0.00587141597564,1.96011994847,2.73089543049
****
