%chk=CO2_AM1_SRP_FDH_water.chk
%Mem=1000MB
%NProcShared=4
#P AM1=(Input,Print) opt

CO2 optimization AM1 in water
                
0 1
 C                  0.00000000    0.00000000    0.00000000
 O                  0.00000000    0.00000000    1.15575300
 O                  0.00000000    0.00000000   -1.15575300

 Method=8 CoreType=1 PeptideFC=0.0114505045 RIJScale=0.5291772086
****
C
PQN=2,2
NValence=4
F0ss=0.448782235541
F0sp=0.421313639127
F0pp=0.376789009996
F2pp=0.189958577971
G1sp=0.265525765943
ZetaOverlap=1.80855143065,1.6849065892
U=-1.91201697376,-1.45607661693
Beta=-0.578206101894,-0.283579188949
DDN=0,1,0.823615275187
DDN=1,1,0.726549607383
CoreKO=1.11386517139
KON=0,0,0,1.11411291239
KON=1,0,1,0.825051546846
KON=0,1,1,1.11419826141
KON=2,1,1,0.778152908113
EISol=-4.43864986002
EHeat=0.272289992152
Alpha=1.40100907284
DipHyp=1.64741630566
GCore=0.000788632638789,1.40081269135,3.05996718904
GCore=0.00318875186615,1.40067234365,3.49699571573
GCore=-0.00139382536108,1.40038889806,3.87533014618
GCore=-8.74850728011e-05,1.40002972241,5.00703909368
****
O
PQN=2,2
NValence=6
F0ss=0.566501872999
F0sp=0.531931874628
F0pp=0.495933151365
F2pp=0.235735184515
G1sp=0.434589203615
ZetaOverlap=3.10672456695,2.52385977767
U=-3.66523783732,-2.90029910403
Beta=-1.04635677408,-1.09651670886
DDN=0,1,0.499070818996
DDN=1,1,0.485337868824
CoreKO=0.882533982743
KON=0,0,0,0.882122491966
KON=1,0,1,0.502006289078
KON=0,1,1,0.882063814902
KON=2,1,1,0.551710409484
EISol=-11.8497751121
EHeat=0.094894071711
Alpha=2.35675116064
DipHyp=0.997362418289
GCore=0.0195156428833,1.38964112051,1.60195133547
GCore=0.00586852875933,1.9606460907,2.73047691179
****
