%chk=CO2_AM1_SRP_FDH_water.chk
%Mem=1000MB
%NProcShared=4
#P AM1=(Input,Print) opt

CO2 optimization AM1 in water
                
0 1
 C                  0.00000000    0.00000000    0.00000000
 O                  0.00000000    0.00000000    1.15575300
 O                  0.00000000    0.00000000   -1.15575300

 Method=8 CoreType=1 PeptideFC=0.0114505045 RIJScale=0.5291772086
****
C
PQN=2,2
NValence=4
F0ss=0.448645931388
F0sp=0.421556813797
F0pp=0.376689056781
F2pp=0.18989248916
G1sp=0.265443969949
ZetaOverlap=1.80832828178,1.68578597763
U=-1.91179455306,-1.45590486185
Beta=-0.578360209909,-0.28371899266
DDN=0,1,0.823457156276
DDN=1,1,0.726836047405
CoreKO=1.11410132642
KON=0,0,0,1.11370564225
KON=1,0,1,0.82541052247
KON=0,1,1,1.11471201183
KON=2,1,1,0.778286383992
EISol=-4.43797501722
EHeat=0.272276195904
Alpha=1.40178780856
DipHyp=1.64736582976
GCore=0.000788411386537,1.40056796456,3.06013907557
GCore=0.0031898771824,1.39989712192,3.49715939555
GCore=-0.0013936547172,1.39991396155,3.87542964466
GCore=-8.74781393313e-05,1.40000698206,5.00931052325
****
O
PQN=2,2
NValence=6
F0ss=0.566848146139
F0sp=0.531933178195
F0pp=0.496016614976
F2pp=0.235771940384
G1sp=0.434570025764
ZetaOverlap=3.10928173325,2.52278874705
U=-3.66575614474,-2.90026843448
Beta=-1.0468396877,-1.09705370801
DDN=0,1,0.498791882378
DDN=1,1,0.48527517958
CoreKO=0.882569400767
KON=0,0,0,0.882645609312
KON=1,0,1,0.501674743632
KON=0,1,1,0.882683085086
KON=2,1,1,0.551545854487
EISol=-11.8508231036
EHeat=0.0949165963161
Alpha=2.35595667684
DipHyp=0.998157665692
GCore=0.0195180442212,1.39045253043,1.60161559796
GCore=0.00586574047199,1.96000566479,2.73154348921
****
