%chk=CO2_AM1_SRP_FDH_water.chk
%Mem=1000MB
%NProcShared=4
#P AM1=(Input,Print) opt

CO2 optimization AM1 in water
                
0 1
 C                  0.00000000    0.00000000    0.00000000
 O                  0.00000000    0.00000000    1.15575300
 O                  0.00000000    0.00000000   -1.15575300

 Method=8 CoreType=1 PeptideFC=0.0114505045 RIJScale=0.5291772086
****
C
PQN=2,2
NValence=4
F0ss=0.448715968327
F0sp=0.421635119833
F0pp=0.376627916255
F2pp=0.189779082864
G1sp=0.265522533023
ZetaOverlap=1.80874822695,1.68480010895
U=-1.91244787234,-1.45534655354
Beta=-0.5782852022,-0.283643728272
DDN=0,1,0.823373166157
DDN=1,1,0.727041416849
CoreKO=1.11395022254
KON=0,0,0,1.11464834189
KON=1,0,1,0.825324447913
KON=0,1,1,1.11440057479
KON=2,1,1,0.778357168346
EISol=-4.43834502454
EHeat=0.272236680993
Alpha=1.40143707162
DipHyp=1.64783004133
GCore=0.000788901326853,1.39948535805,3.06124827505
GCore=0.003188543386,1.40072272924,3.49658309301
GCore=-0.00139318000898,1.40078710486,3.87275735841
GCore=-8.74742981276e-05,1.40042494037,5.00662690881
****
O
PQN=2,2
NValence=6
F0ss=0.566465786283
F0sp=0.532385745334
F0pp=0.495736889298
F2pp=0.235709021514
G1sp=0.434710510865
ZetaOverlap=3.10838198857,2.52279052417
U=-3.66605366185,-2.89978484276
Beta=-1.04614957715,-1.09628772923
DDN=0,1,0.499099427612
DDN=1,1,0.485303445905
CoreKO=0.881902724482
KON=0,0,0,0.882626420793
KON=1,0,1,0.501642243998
KON=0,1,1,0.881982727926
KON=2,1,1,0.551388539096
EISol=-11.8584686958
EHeat=0.0948891958008
Alpha=2.35779383222
DipHyp=0.997939805069
GCore=0.0195023927604,1.39061876375,1.60244711053
GCore=0.00586732191986,1.960224128,2.72997044375
****
