%chk=CO2_AM1_SRP_FDH_water.chk
%Mem=1000MB
%NProcShared=4
#P AM1=(Input,Print) opt

CO2 optimization AM1 in water
                
0 1
 C                  0.00000000    0.00000000    0.00000000
 O                  0.00000000    0.00000000    1.15575300
 O                  0.00000000    0.00000000   -1.15575300

 Method=8 CoreType=1 PeptideFC=0.0114505045 RIJScale=0.5291772086
****
C
PQN=2,2
NValence=4
F0ss=0.44881104471
F0sp=0.421409503061
F0pp=0.376934811657
F2pp=0.189788177944
G1sp=0.265576899064
ZetaOverlap=1.80847357687,1.68549184308
U=-1.91227874756,-1.45566987023
Beta=-0.578382208439,-0.283685837906
DDN=0,1,0.823918697285
DDN=1,1,0.726555673056
CoreKO=1.11389275165
KON=0,0,0,1.11436257245
KON=1,0,1,0.824897257732
KON=0,1,1,1.11365009082
KON=2,1,1,0.778063941824
EISol=-4.43913951658
EHeat=0.272218829688
Alpha=1.40089786144
DipHyp=1.64793834256
GCore=0.000788175100134,1.40037796172,3.06099204211
GCore=0.00318789359276,1.39959343351,3.49473389857
GCore=-0.00139266645094,1.39986493404,3.87273627039
GCore=-8.75245087987e-05,1.4003539103,5.00685642963
****
O
PQN=2,2
NValence=6
F0ss=0.566579045163
F0sp=0.53206319609
F0pp=0.495741467022
F2pp=0.235786349518
G1sp=0.434961624357
ZetaOverlap=3.10703049467,2.52426081567
U=-3.66394744683,-2.89949842751
Beta=-1.04591754079,-1.0975806327
DDN=0,1,0.498774892735
DDN=1,1,0.485283808338
CoreKO=0.88202841941
KON=0,0,0,0.882406212448
KON=1,0,1,0.502033734045
KON=0,1,1,0.881882620025
KON=2,1,1,0.55134342557
EISol=-11.8570597535
EHeat=0.0949710796096
Alpha=2.35761573455
DipHyp=0.997794120474
GCore=0.0195024514204,1.38992569509,1.60172953678
GCore=0.00586707718225,1.96041194997,2.73184292753
****
