%chk=CO2_AM1_SRP_FDH_water.chk
%Mem=1000MB
%NProcShared=4
#P AM1=(Input,Print) opt

CO2 optimization AM1 in water
                
0 1
 C                  0.00000000    0.00000000    0.00000000
 O                  0.00000000    0.00000000    1.15575300
 O                  0.00000000    0.00000000   -1.15575300

 Method=8 CoreType=1 PeptideFC=0.0114505045 RIJScale=0.5291772086
****
C
PQN=2,2
NValence=4
F0ss=0.44881104471
F0sp=0.421409503061
F0pp=0.376934811657
F2pp=0.189868001306
G1sp=0.265567631227
ZetaOverlap=1.80859260993,1.6849065892
U=-1.91201697376,-1.455726644
Beta=-0.578206101894,-0.283579188949
DDN=0,1,0.823496545116
DDN=1,1,0.726549607383
CoreKO=1.11430431205
KON=0,0,0,1.11409243806
KON=1,0,1,0.824917727165
KON=0,1,1,1.11420233121
KON=2,1,1,0.778063941824
EISol=-4.43876417587
EHeat=0.272218829688
Alpha=1.40101755126
DipHyp=1.64660863819
GCore=0.000788632638789,1.40016025188,3.05996718904
GCore=0.00318875186615,1.40035593819,3.49699571573
GCore=-0.00139382536108,1.40009272504,3.87432917604
GCore=-8.74850728011e-05,1.40002972241,5.00703909368
****
O
PQN=2,2
NValence=6
F0ss=0.566501872999
F0sp=0.531702647806
F0pp=0.495933151365
F2pp=0.235681801269
G1sp=0.434505734198
ZetaOverlap=3.10622751844,2.52491668907
U=-3.66465669264,-2.90029910403
Beta=-1.04655431446,-1.09651670886
DDN=0,1,0.499162763254
DDN=1,1,0.485337868824
CoreKO=0.882708073884
KON=0,0,0,0.882122491966
KON=1,0,1,0.502006289078
KON=0,1,1,0.882147157394
KON=2,1,1,0.551710409484
EISol=-11.8497751121
EHeat=0.094894071711
Alpha=2.35675116064
DipHyp=0.996999752401
GCore=0.0195253593848,1.38964112051,1.60250996683
GCore=0.00586828597365,1.96121950324,2.73047691179
****
