%chk=CO2_AM1_SRP_FDH_water.chk
%Mem=1000MB
%NProcShared=4
#P AM1=(Input,Print) opt

CO2 optimization AM1 in water
                
0 1
 C                  0.00000000    0.00000000    0.00000000
 O                  0.00000000    0.00000000    1.15575300
 O                  0.00000000    0.00000000   -1.15575300

 Method=8 CoreType=1 PeptideFC=0.0114505045 RIJScale=0.5291772086
****
C
PQN=2,2
NValence=4
F0ss=0.44861132288
F0sp=0.421465882093
F0pp=0.376975025014
F2pp=0.189776952596
G1sp=0.265458907709
ZetaOverlap=1.80940255905,1.68456398071
U=-1.91162633026,-1.45535123586
Beta=-0.578572465762,-0.283601501989
DDN=0,1,0.823855837087
DDN=1,1,0.726503747993
CoreKO=1.11381886017
KON=0,0,0,1.11440336479
KON=1,0,1,0.825428248103
KON=0,1,1,1.11465077478
KON=2,1,1,0.778241115823
EISol=-4.43710905221
EHeat=0.272264598179
Alpha=1.40138668647
DipHyp=1.64702481753
GCore=0.000788297496293,1.40006186238,3.05982979578
GCore=0.00318782039357,1.39946478664,3.49555866127
GCore=-0.00139246625503,1.39993045498,3.8757747477
GCore=-8.75206576962e-05,1.40002304766,5.00962172939
****
O
PQN=2,2
NValence=6
F0ss=0.566499840431
F0sp=0.532087654446
F0pp=0.496050329879
F2pp=0.235844106618
G1sp=0.434416583449
ZetaOverlap=3.10914009804,2.52466036811
U=-3.66454515386,-2.90061478755
Beta=-1.04620240474,-1.09633034867
DDN=0,1,0.498821983966
DDN=1,1,0.485177913287
CoreKO=0.882533113583
KON=0,0,0,0.88290257179
KON=1,0,1,0.501688545125
KON=0,1,1,0.882039134055
KON=2,1,1,0.551895435671
EISol=-11.8507673067
EHeat=0.0949268960409
Alpha=2.35723506753
DipHyp=0.997712008004
GCore=0.0195155387839,1.39064838987,1.60246531764
GCore=0.00586872588579,1.95940556103,2.73050915255
****
