%chk=CO2_AM1_SRP_FDH_water.chk
%Mem=1000MB
%NProcShared=4
#P AM1=(Input,Print) opt

CO2 optimization AM1 in water
                
0 1
 C                  0.00000000    0.00000000    0.00000000
 O                  0.00000000    0.00000000    1.15575300
 O                  0.00000000    0.00000000   -1.15575300

 Method=8 CoreType=1 PeptideFC=0.0114505045 RIJScale=0.5291772086
****
C
PQN=2,2
NValence=4
F0ss=0.448583510871
F0sp=0.421692608384
F0pp=0.376638963809
F2pp=0.189863648383
G1sp=0.265748528237
ZetaOverlap=1.8084631039,1.68574576674
U=-1.91109590169,-1.45553937421
Beta=-0.578611794961,-0.283538167594
DDN=0,1,0.8233420426
DDN=1,1,0.727078844855
CoreKO=1.11389275165
KON=0,0,0,1.11436257245
KON=1,0,1,0.825523924069
KON=0,1,1,1.11424795548
KON=2,1,1,0.778803688827
EISol=-4.43794879153
EHeat=0.272316916585
Alpha=1.40096504612
DipHyp=1.64713459386
GCore=0.000788374131929,1.3997292682,3.06173324481
GCore=0.00318919642005,1.39973824406,3.49470030819
GCore=-0.00139220876889,1.3998644165,3.87378880903
GCore=-8.7527990238e-05,1.39997390562,5.00991269738
****
O
PQN=2,2
NValence=6
F0ss=0.566716121564
F0sp=0.531889439648
F0pp=0.496092533178
F2pp=0.235745954311
G1sp=0.43480597166
ZetaOverlap=3.10784125905,2.52439415472
U=-3.66388722335,-2.90236465215
Beta=-1.0465810877,-1.09685198015
DDN=0,1,0.499146535721
DDN=1,1,0.485647152571
CoreKO=0.88222701347
KON=0,0,0,0.882700440019
KON=1,0,1,0.501874250463
KON=0,1,1,0.882327259357
KON=2,1,1,0.551784117305
EISol=-11.8467643275
EHeat=0.0949384317208
Alpha=2.35593926755
DipHyp=0.997517389357
GCore=0.019520345535,1.39024949441,1.60236038869
GCore=0.00586981648898,1.96032854335,2.73108365423
****
