%chk=CO2_AM1_SRP_FDH_water.chk
%Mem=1000MB
%NProcShared=4
#P AM1=(Input,Print) opt

CO2 optimization AM1 in water
                
0 1
 C                  0.00000000    0.00000000    0.00000000
 O                  0.00000000    0.00000000    1.15575300
 O                  0.00000000    0.00000000   -1.15575300

 Method=8 CoreType=1 PeptideFC=0.0114505045 RIJScale=0.5291772086
****
C
PQN=2,2
NValence=4
F0ss=0.448903500586
F0sp=0.421652759121
F0pp=0.376809395636
F2pp=0.189863698534
G1sp=0.265564845828
ZetaOverlap=1.80848975615,1.68495603662
U=-1.91268498562,-1.45580501978
Beta=-0.578211297272,-0.283606741388
DDN=0,1,0.82364682167
DDN=1,1,0.726754516
CoreKO=1.11446747735
KON=0,0,0,1.11429490791
KON=1,0,1,0.825200428165
KON=0,1,1,1.11458908343
KON=2,1,1,0.778144781883
EISol=-4.43390810746
EHeat=0.272264583616
Alpha=1.4012985902
DipHyp=1.64660863819
GCore=0.000788737409722,1.3997292682,3.06050752615
GCore=0.00318913989953,1.40005606743,3.49470030819
GCore=-0.00139241696099,1.40040734796,3.87162023552
GCore=-8.74770861012e-05,1.40030923644,5.01012400676
****
O
PQN=2,2
NValence=6
F0ss=0.566716121564
F0sp=0.531889439648
F0pp=0.496092533178
F2pp=0.235745954311
G1sp=0.43480597166
ZetaOverlap=3.10784125905,2.52439415472
U=-3.66388722335,-2.90236465215
Beta=-1.0465810877,-1.09645223775
DDN=0,1,0.498983189325
DDN=1,1,0.485647152571
CoreKO=0.882452997114
KON=0,0,0,0.882516143335
KON=1,0,1,0.501874250463
KON=0,1,1,0.882232178703
KON=2,1,1,0.5515228212
EISol=-11.8467643275
EHeat=0.0949384317208
Alpha=2.3570110894
DipHyp=0.997634906454
GCore=0.019520345535,1.39024949441,1.60236038869
GCore=0.00586981648898,1.96032854335,2.73108365423
****
