%chk=CO2_AM1_SRP_FDH_water.chk
%Mem=1000MB
%NProcShared=4
#P AM1=(Input,Print) opt

CO2 optimization AM1 in water
                
0 1
 C                  0.00000000    0.00000000    0.00000000
 O                  0.00000000    0.00000000    1.15575300
 O                  0.00000000    0.00000000   -1.15575300

 Method=8 CoreType=1 PeptideFC=0.0114505045 RIJScale=0.5291772086
****
C
PQN=2,2
NValence=4
F0ss=0.448774235907
F0sp=0.421612402364
F0pp=0.376938344395
F2pp=0.189776952596
G1sp=0.265458907709
ZetaOverlap=1.80862685732,1.6849430768
U=-1.91227874756,-1.45566987023
Beta=-0.578191916797,-0.283537668628
DDN=0,1,0.823514771333
DDN=1,1,0.726540794005
CoreKO=1.11398679786
KON=0,0,0,1.11373556905
KON=1,0,1,0.824836497676
KON=0,1,1,1.1144596707
KON=2,1,1,0.778241115823
EISol=-4.43710905221
EHeat=0.272428875272
Alpha=1.40194384713
DipHyp=1.64707468894
GCore=0.00078866612261,1.40040033331,3.06184578673
GCore=0.00318991828682,1.39969281177,3.49637850744
GCore=-0.00139358094709,1.39953030856,3.87560628648
GCore=-8.7542136213e-05,1.40056588342,5.00809489198
****
O
PQN=2,2
NValence=6
F0ss=0.566499840431
F0sp=0.532087654446
F0pp=0.496050329879
F2pp=0.235732651757
G1sp=0.434416583449
ZetaOverlap=3.10914009804,2.52466036811
U=-3.66454515386,-2.90061478755
Beta=-1.04620240474,-1.09633034867
DDN=0,1,0.498578962062
DDN=1,1,0.485177913287
CoreKO=0.882533113583
KON=0,0,0,0.88290257179
KON=1,0,1,0.501688545125
KON=0,1,1,0.881654013552
KON=2,1,1,0.551950084431
EISol=-11.8507673067
EHeat=0.0949440290848
Alpha=2.35829440793
DipHyp=0.997712008004
GCore=0.0195155387839,1.39064838987,1.60246531764
GCore=0.00586872588579,1.95940556103,2.72915478006
****
