%chk=CO2_AM1_SRP_FDH_water.chk
%Mem=1000MB
%NProcShared=4
#P AM1=(Input,Print) opt

CO2 optimization AM1 in water
                
0 1
 C                  0.00000000    0.00000000    0.00000000
 O                  0.00000000    0.00000000    1.15575300
 O                  0.00000000    0.00000000   -1.15575300

 Method=8 CoreType=1 PeptideFC=0.0114505045 RIJScale=0.5291772086
****
C
PQN=2,2
NValence=4
F0ss=0.448774235907
F0sp=0.421612402364
F0pp=0.376938344395
F2pp=0.189863648383
G1sp=0.265438912485
ZetaOverlap=1.80862685732,1.6849430768
U=-1.91227874756,-1.45566987023
Beta=-0.578191916797,-0.283537668628
DDN=0,1,0.823514771333
DDN=1,1,0.726540794005
CoreKO=1.11398679786
KON=0,0,0,1.11373556905
KON=1,0,1,0.824836497676
KON=0,1,1,1.1144596707
KON=2,1,1,0.778718239905
EISol=-4.43868025305
EHeat=0.272272393657
Alpha=1.40181332418
DipHyp=1.64793834256
GCore=0.000788175100134,1.40037796172,3.06099204211
GCore=0.00318789359276,1.39959343351,3.49473389857
GCore=-0.00139266645094,1.39986493404,3.87273627039
GCore=-8.75271299826e-05,1.39994759104,5.00685642963
****
O
PQN=2,2
NValence=6
F0ss=0.566716121564
F0sp=0.531889439648
F0pp=0.496092533178
F2pp=0.235745954311
G1sp=0.434879419681
ZetaOverlap=3.10784125905,2.52453056332
U=-3.66388722335,-2.90111358697
Beta=-1.0465810877,-1.09694657726
DDN=0,1,0.498983189325
DDN=1,1,0.485471635878
CoreKO=0.882452997114
KON=0,0,0,0.882516143335
KON=1,0,1,0.501874250463
KON=0,1,1,0.882232178703
KON=2,1,1,0.551613862981
EISol=-11.8467643275
EHeat=0.0949384317208
Alpha=2.3570110894
DipHyp=0.997634906454
GCore=0.019514603234,1.39015194257,1.60236038869
GCore=0.00586981648898,1.96032854335,2.73235329782
****
