%chk=CO2_AM1_SRP_FDH_water.chk
%Mem=1000MB
%NProcShared=4
#P AM1=(Input,Print) opt

CO2 optimization AM1 in water
                
0 1
 C                  0.00000000    0.00000000    0.00000000
 O                  0.00000000    0.00000000    1.15575300
 O                  0.00000000    0.00000000   -1.15575300

 Method=8 CoreType=1 PeptideFC=0.0114505045 RIJScale=0.5291772086
****
C
PQN=2,2
NValence=4
F0ss=0.44860045193
F0sp=0.421384071666
F0pp=0.376822257829
F2pp=0.189938869913
G1sp=0.265568669349
ZetaOverlap=1.80849219734,1.68588073884
U=-1.91195720918,-1.45586607012
Beta=-0.578078863264,-0.283707457902
DDN=0,1,0.824083751781
DDN=1,1,0.727083061481
CoreKO=1.11453571321
KON=0,0,0,1.11456830833
KON=1,0,1,0.824834823285
KON=0,1,1,1.11435366965
KON=2,1,1,0.778716618721
EISol=-4.43750787497
EHeat=0.27246096764
Alpha=1.40080465615
DipHyp=1.64763303288
GCore=0.000788724907975,1.40057435692,3.06167289192
GCore=0.00318989200267,1.40059119391,3.49727280347
GCore=-0.00139261353174,1.4007482771,3.87382796701
GCore=-8.7518422543e-05,1.39992382234,5.00565646306
****
O
PQN=2,2
NValence=6
F0ss=0.566751001645
F0sp=0.532069442867
F0pp=0.495858506699
F2pp=0.235912032141
G1sp=0.434747964578
ZetaOverlap=3.10743721768,2.52347033593
U=-3.66487428535,-2.90104974348
Beta=-1.04634636519,-1.09717344567
DDN=0,1,0.499025370876
DDN=1,1,0.485324054468
CoreKO=0.882068324758
KON=0,0,0,0.882408224263
KON=1,0,1,0.50188798947
KON=0,1,1,0.882270486371
KON=2,1,1,0.551709144278
EISol=-11.8581398023
EHeat=0.0949011571762
Alpha=2.35574863799
DipHyp=0.997302658814
GCore=0.0195118390761,1.38971539146,1.60312664402
GCore=0.00586951693945,1.95978620381,2.7302526274
****
