%chk=CO2_AM1_SRP_FDH_water.chk
%Mem=1000MB
%NProcShared=4
#P AM1=(Input,Print) opt

CO2 optimization AM1 in water
                
0 1
 C                  0.00000000    0.00000000    0.00000000
 O                  0.00000000    0.00000000    1.15575300
 O                  0.00000000    0.00000000   -1.15575300

 Method=8 CoreType=1 PeptideFC=0.0114505045 RIJScale=0.5291772086
****
C
PQN=2,2
NValence=4
F0ss=0.448590922686
F0sp=0.421612402364
F0pp=0.376938344395
F2pp=0.189863648383
G1sp=0.265438912485
ZetaOverlap=1.80862685732,1.6849430768
U=-1.91252869446,-1.45593416662
Beta=-0.578191916797,-0.283537668628
DDN=0,1,0.823913117448
DDN=1,1,0.726959013111
CoreKO=1.11414911011
KON=0,0,0,1.11537575198
KON=1,0,1,0.825731949111
KON=0,1,1,1.11548905786
KON=2,1,1,0.778719855791
EISol=-4.44028169
EHeat=0.27229715219
Alpha=1.40214834746
DipHyp=1.64659902211
GCore=0.000788297496293,1.40006186238,3.05982979578
GCore=0.00318693015053,1.39946478664,3.49555866127
GCore=-0.00139294408135,1.40082183033,3.87511823658
GCore=-8.74649955614e-05,1.40027801134,5.00612862113
****
O
PQN=2,2
NValence=6
F0ss=0.566494205117
F0sp=0.531706635089
F0pp=0.495663371623
F2pp=0.235816287319
G1sp=0.434688880869
ZetaOverlap=3.10662677604,2.52353954683
U=-3.66611188327,-2.90070074454
Beta=-1.04615494821,-1.09679183811
DDN=0,1,0.498721596295
DDN=1,1,0.485325589684
CoreKO=0.882272660648
KON=0,0,0,0.882128650188
KON=1,0,1,0.501662483661
KON=0,1,1,0.881810831239
KON=2,1,1,0.55123677038
EISol=-11.8467897043
EHeat=0.0949559063554
Alpha=2.35806950407
DipHyp=0.997195286905
GCore=0.0194990793181,1.39077627062,1.60197870328
GCore=0.00587017441608,1.96105016039,2.73018315886
****
