%chk=CO2_AM1_SRP_FDH_water.chk
%Mem=1000MB
%NProcShared=4
#P AM1=(Input,Print) opt

CO2 optimization AM1 in water
                
0 1
 C                  0.00000000    0.00000000    0.00000000
 O                  0.00000000    0.00000000    1.15575300
 O                  0.00000000    0.00000000   -1.15575300

 Method=8 CoreType=1 PeptideFC=0.0114505045 RIJScale=0.5291772086
****
C
PQN=2,2
NValence=4
F0ss=0.448721807448
F0sp=0.421501534706
F0pp=0.376675858147
F2pp=0.189906615507
G1sp=0.265519325978
ZetaOverlap=1.80798279714,1.68498163635
U=-1.91285186143,-1.45594787677
Beta=-0.578206101894,-0.283636723839
DDN=0,1,0.823451090754
DDN=1,1,0.726549607383
CoreKO=1.11426959529
KON=0,0,0,1.11391237509
KON=1,0,1,0.825185978653
KON=0,1,1,1.11465144697
KON=2,1,1,0.777482612547
EISol=-4.43864986002
EHeat=0.272388416123
Alpha=1.40147614919
DipHyp=1.64733212989
GCore=0.000788944924507,1.40109686161,3.0601502042
GCore=0.00318859463411,1.40124291218,3.49729446749
GCore=-0.00139474860263,1.40080778681,3.8739247069
GCore=-8.74824097969e-05,1.39952025085,5.00703909368
****
O
PQN=2,2
NValence=6
F0ss=0.566501872999
F0sp=0.532148015731
F0pp=0.496144661576
F2pp=0.235720142773
G1sp=0.434589203615
ZetaOverlap=3.10672456695,2.52385977767
U=-3.66523783732,-2.90029910403
Beta=-1.04655754361,-1.09651670886
DDN=0,1,0.499240591697
DDN=1,1,0.485285860656
CoreKO=0.882668186622
KON=0,0,0,0.882122491966
KON=1,0,1,0.502151900312
KON=0,1,1,0.88237433374
KON=2,1,1,0.551519520136
EISol=-11.845937074
EHeat=0.094894071711
Alpha=2.35675116064
DipHyp=0.997362418289
GCore=0.0195156428833,1.38964112051,1.60195133547
GCore=0.00586852875933,1.9606460907,2.73047691179
****
