%chk=CO2_AM1_SRP_FDH_water.chk
%Mem=1000MB
%NProcShared=4
#P AM1=(Input,Print) opt

CO2 optimization AM1 in water
                
0 1
 C                  0.00000000    0.00000000    0.00000000
 O                  0.00000000    0.00000000    1.15575300
 O                  0.00000000    0.00000000   -1.15575300

 Method=8 CoreType=1 PeptideFC=0.0114505045 RIJScale=0.5291772086
****
C
PQN=2,2
NValence=4
F0ss=0.448590922686
F0sp=0.421554308276
F0pp=0.37664560356
F2pp=0.189919289719
G1sp=0.265469014387
ZetaOverlap=1.80847357687,1.68481588493
U=-1.91184614371,-1.45639792057
Beta=-0.578581089535,-0.283848397969
DDN=0,1,0.823913117448
DDN=1,1,0.727095133474
CoreKO=1.11414911011
KON=0,0,0,1.11507421712
KON=1,0,1,0.825523924069
KON=0,1,1,1.11496139482
KON=2,1,1,0.778719855791
EISol=-4.44028169
EHeat=0.27229715219
Alpha=1.40214834746
DipHyp=1.64736069323
GCore=0.000788534101251,1.40069365068,3.05971070248
GCore=0.00318801858496,1.40099028305,3.49576132551
GCore=-0.00139303526722,1.40017278353,3.87239062733
GCore=-8.75749788128e-05,1.40053214541,5.0109029743
****
O
PQN=2,2
NValence=6
F0ss=0.566494205117
F0sp=0.531966494328
F0pp=0.495663371623
F2pp=0.235816287319
G1sp=0.434634991747
ZetaOverlap=3.10656439314,2.52353954683
U=-3.66611188327,-2.90139361139
Beta=-1.04615494821,-1.09679183811
DDN=0,1,0.498721596295
DDN=1,1,0.485325589684
CoreKO=0.882272660648
KON=0,0,0,0.882128650188
KON=1,0,1,0.501724805371
KON=0,1,1,0.881814202538
KON=2,1,1,0.55123677038
EISol=-11.8467897043
EHeat=0.0949143931564
Alpha=2.3572158615
DipHyp=0.997195286905
GCore=0.0194990793181,1.39029226505,1.60197870328
GCore=0.00587017441608,1.96105016039,2.73018315886
****
