%chk=CO2_AM1_SRP_FDH_water.chk
%Mem=1000MB
%NProcShared=4
#P AM1=(Input,Print) opt

CO2 optimization AM1 in water
                
0 1
 C                  0.00000000    0.00000000    0.00000000
 O                  0.00000000    0.00000000    1.15575300
 O                  0.00000000    0.00000000   -1.15575300

 Method=8 CoreType=1 PeptideFC=0.0114505045 RIJScale=0.5291772086
****
C
PQN=2,2
NValence=4
F0ss=0.448701295818
F0sp=0.421468723447
F0pp=0.376915723543
F2pp=0.189957929696
G1sp=0.265493634804
ZetaOverlap=1.80808011496,1.68486694319
U=-1.91168304248,-1.45553955521
Beta=-0.578271558413,-0.283652591762
DDN=0,1,0.823821601837
DDN=1,1,0.726768896386
CoreKO=1.11421947881
KON=0,0,0,1.11373645985
KON=1,0,1,0.82483744016
KON=0,1,1,1.11411868042
KON=2,1,1,0.77835062467
EISol=-4.438237283
EHeat=0.272295552598
Alpha=1.40199115378
DipHyp=1.64695632687
GCore=0.000788572653374,1.40032551978,3.06034050398
GCore=0.00318767011458,1.39949381783,3.49458050577
GCore=-0.00139361617314,1.40072378842,3.87566693859
GCore=-8.75441987474e-05,1.39996439737,5.00850341545
****
O
PQN=2,2
NValence=6
F0ss=0.566755809784
F0sp=0.53232897645
F0pp=0.495866452619
F2pp=0.23585404195
G1sp=0.434390717942
ZetaOverlap=3.10929469767,2.52253489884
U=-3.6648792331,-2.90298190784
Beta=-1.04653415755,-1.09685778386
DDN=0,1,0.499145742922
DDN=1,1,0.485509820589
CoreKO=0.882695155887
KON=0,0,0,0.881883018068
KON=1,0,1,0.501962584097
KON=0,1,1,0.882393688519
KON=2,1,1,0.551650287571
EISol=-11.8519040119
EHeat=0.0948519435948
Alpha=2.35723675468
DipHyp=0.998073598738
GCore=0.0195195813249,1.39052858565,1.60248232011
GCore=0.00586424037783,1.95934078359,2.73088756748
****
