%chk=CO2_AM1_SRP_FDH_water.chk
%Mem=1000MB
%NProcShared=4
#P AM1=(Input,Print) opt

CO2 optimization AM1 in water
                
0 1
 C                  0.00000000    0.00000000    0.00000000
 O                  0.00000000    0.00000000    1.15575300
 O                  0.00000000    0.00000000   -1.15575300

 Method=8 CoreType=1 PeptideFC=0.0114505045 RIJScale=0.5291772086
****
C
PQN=2,2
NValence=4
F0ss=0.448887632635
F0sp=0.421687842631
F0pp=0.376616960756
F2pp=0.189840546857
G1sp=0.265688464206
ZetaOverlap=1.80873954915,1.68445157494
U=-1.91127369805,-1.45621279663
Beta=-0.57832049822,-0.283728952573
DDN=0,1,0.823535586882
DDN=1,1,0.726692428993
CoreKO=1.11377406228
KON=0,0,0,1.1139109215
KON=1,0,1,0.824971911634
KON=0,1,1,1.11387569637
KON=2,1,1,0.77830633208
EISol=-4.44029081712
EHeat=0.272414095989
Alpha=1.40104879318
DipHyp=1.64741674832
GCore=0.000788746796664,1.39959132168,3.06001925288
GCore=0.00319062067093,1.40052328273,3.4951379731
GCore=-0.0013933579331,1.40026234842,3.87272119353
GCore=-8.74718505787e-05,1.39989057304,5.01010410476
****
O
PQN=2,2
NValence=6
F0ss=0.566876712144
F0sp=0.532107444659
F0pp=0.495876479712
F2pp=0.235919613496
G1sp=0.434550271821
ZetaOverlap=3.10898863249,2.52455770579
U=-3.66528600974,-2.9015561536
Beta=-1.046274558,-1.09700534499
DDN=0,1,0.49905899124
DDN=1,1,0.485305732728
CoreKO=0.882252212721
KON=0,0,0,0.882199578365
KON=1,0,1,0.50174155898
KON=0,1,1,0.882215634112
KON=2,1,1,0.551761092284
EISol=-11.8544225613
EHeat=0.0949144326852
Alpha=2.35722276773
DipHyp=0.997801700305
GCore=0.0195119803264,1.39018190407,1.60258671929
GCore=0.00586940994747,1.95966851207,2.73168520823
****
