%chk=CO2_AM1_SRP_FDH_water.chk
%Mem=1000MB
%NProcShared=4
#P AM1=(Input,Print) opt

CO2 optimization AM1 in water
                
0 1
 C                  0.00000000    0.00000000    0.00000000
 O                  0.00000000    0.00000000    1.15575300
 O                  0.00000000    0.00000000   -1.15575300

 Method=8 CoreType=1 PeptideFC=0.0114505045 RIJScale=0.5291772086
****
C
PQN=2,2
NValence=4
F0ss=0.448645268611
F0sp=0.42152032095
F0pp=0.376953289096
F2pp=0.189826433432
G1sp=0.265483431504
ZetaOverlap=1.80931438167,1.68477458588
U=-1.91194101999,-1.45512952845
Beta=-0.578345469386,-0.283565032718
DDN=0,1,0.824018590029
DDN=1,1,0.727090704326
CoreKO=1.11423412067
KON=0,0,0,1.11380940215
KON=1,0,1,0.825355185057
KON=0,1,1,1.11409868937
KON=2,1,1,0.778678862507
EISol=-4.4399972742
EHeat=0.272349703023
Alpha=1.40134735846
DipHyp=1.6477201438
GCore=0.000788620562985,1.40009821556,3.05993300531
GCore=0.00318785546668,1.40011339936,3.49751037476
GCore=-0.00139370083887,1.40089836341,3.8719002595
GCore=-8.75157746799e-05,1.39956807302,5.00943452937
****
O
PQN=2,2
NValence=6
F0ss=0.566494988732
F0sp=0.531876941835
F0pp=0.495635261893
F2pp=0.235818142007
G1sp=0.434628035765
ZetaOverlap=3.10760240109,2.52430792784
U=-3.66312888538,-2.90090524068
Beta=-1.04609900655,-1.0964761885
DDN=0,1,0.498680000914
DDN=1,1,0.485110009583
CoreKO=0.88261570497
KON=0,0,0,0.882431396726
KON=1,0,1,0.501874142052
KON=0,1,1,0.881805572826
KON=2,1,1,0.551584121055
EISol=-11.850159792
EHeat=0.0949060885866
Alpha=2.35614265047
DipHyp=0.997392705395
GCore=0.0194967002022,1.39039477077,1.60190571538
GCore=0.00586819225612,1.95945140553,2.73215023657
****
