%chk=CO2_AM1_SRP_FDH_water.chk
%Mem=1000MB
%NProcShared=4
#P AM1=(Input,Print) opt

CO2 optimization AM1 in water
                
0 1
 C                  0.00000000    0.00000000    0.00000000
 O                  0.00000000    0.00000000    1.15575300
 O                  0.00000000    0.00000000   -1.15575300

 Method=8 CoreType=1 PeptideFC=0.0114505045 RIJScale=0.5291772086
****
C
PQN=2,2
NValence=4
F0ss=0.44882680377
F0sp=0.421477180685
F0pp=0.376616468831
F2pp=0.189826433432
G1sp=0.26569446499
ZetaOverlap=1.80931438167,1.68477458588
U=-1.91116856668,-1.45529712463
Beta=-0.578438532908,-0.283679841005
DDN=0,1,0.823620318487
DDN=1,1,0.727047707638
CoreKO=1.11454674312
KON=0,0,0,1.11473416344
KON=1,0,1,0.825065798909
KON=0,1,1,1.11453513175
KON=2,1,1,0.778549043899
EISol=-4.43923931289
EHeat=0.272349703023
Alpha=1.40134735846
DipHyp=1.6477201438
GCore=0.000788620562985,1.40009821556,3.05993300531
GCore=0.00318785546668,1.40011339936,3.49751037476
GCore=-0.00139370083887,1.40089836341,3.8719002595
GCore=-8.75157746799e-05,1.39956807302,5.00943452937
****
O
PQN=2,2
NValence=6
F0ss=0.566793717892
F0sp=0.532127557091
F0pp=0.495907233572
F2pp=0.235719030043
G1sp=0.434387736266
ZetaOverlap=3.10700379396,2.52393253303
U=-3.66451334014,-2.89820557914
Beta=-1.04684777873,-1.09636928115
DDN=0,1,0.498566133254
DDN=1,1,0.484831159979
CoreKO=0.882057533881
KON=0,0,0,0.882166060438
KON=1,0,1,0.501942484573
KON=0,1,1,0.882516646855
KON=2,1,1,0.551173753253
EISol=-11.8584902982
EHeat=0.0949079996593
Alpha=2.3554762291
DipHyp=0.998111532223
GCore=0.0195177168881,1.3900059672,1.60203708898
GCore=0.00586985708426,1.96030396258,2.73213466287
****
