%chk=CO2_AM1_SRP_FDH_water.chk
%Mem=1000MB
%NProcShared=4
#P AM1=(Input,Print) opt

CO2 optimization AM1 in water
                
0 1
 C                  0.00000000    0.00000000    0.00000000
 O                  0.00000000    0.00000000    1.15575300
 O                  0.00000000    0.00000000   -1.15575300

 Method=8 CoreType=1 PeptideFC=0.0114505045 RIJScale=0.5291772086
****
C
PQN=2,2
NValence=4
F0ss=0.448622312738
F0sp=0.421554308276
F0pp=0.376775067895
F2pp=0.189966071714
G1sp=0.265469014387
ZetaOverlap=1.80847357687,1.68498506637
U=-1.9116531517,-1.45639792057
Beta=-0.578138454723,-0.283437075709
DDN=0,1,0.823690337379
DDN=1,1,0.726830267548
CoreKO=1.11394716734
KON=0,0,0,1.11386638209
KON=1,0,1,0.82472979465
KON=0,1,1,1.11435659623
KON=2,1,1,0.778474407845
EISol=-4.43913964324
EHeat=0.27221455081
Alpha=1.40133351868
DipHyp=1.64771401022
GCore=0.000788974311473,1.39981609561,3.05986690663
GCore=0.00318817554465,1.39976552554,3.497511742
GCore=-0.00139303526722,1.40017278353,3.87239062733
GCore=-8.75462207287e-05,1.40006338701,5.00869513378
****
O
PQN=2,2
NValence=6
F0ss=0.566494205117
F0sp=0.531966494328
F0pp=0.495543377907
F2pp=0.235816287319
G1sp=0.434634991747
ZetaOverlap=3.10656439314,2.52459272226
U=-3.66553887536,-2.90139361139
Beta=-1.04615494821,-1.09679183811
DDN=0,1,0.498861904485
DDN=1,1,0.485325589684
CoreKO=0.882272660648
KON=0,0,0,0.882103323656
KON=1,0,1,0.501931505945
KON=0,1,1,0.881838169863
KON=2,1,1,0.551146538557
EISol=-11.8467897043
EHeat=0.0949143931564
Alpha=2.35722180641
DipHyp=0.997195286905
GCore=0.0194990793181,1.39029226505,1.60197870328
GCore=0.00587017441608,1.96105714248,2.73130391085
****
