%chk=CO2_AM1_SRP_FDH_water.chk
%Mem=1000MB
%NProcShared=4
#P AM1=(Input,Print) opt

CO2 optimization AM1 in water
                
0 1
 C                  0.00000000    0.00000000    0.00000000
 O                  0.00000000    0.00000000    1.15575300
 O                  0.00000000    0.00000000   -1.15575300

 Method=8 CoreType=1 PeptideFC=0.0114505045 RIJScale=0.5291772086
****
C
PQN=2,2
NValence=4
F0ss=0.448643502064
F0sp=0.421571923105
F0pp=0.376828749835
F2pp=0.189854488719
G1sp=0.265537475865
ZetaOverlap=1.80785062031,1.68536756635
U=-1.91268211769,-1.45619416932
Beta=-0.578589211706,-0.283675014537
DDN=0,1,0.824044128643
DDN=1,1,0.727174311354
CoreKO=1.11421415449
KON=0,0,0,1.11445589907
KON=1,0,1,0.825090165886
KON=0,1,1,1.11435498368
KON=2,1,1,0.77818634711
EISol=-4.43845487539
EHeat=0.272285916062
Alpha=1.40180341025
DipHyp=1.64653452881
GCore=0.00078810064371,1.40014510275,3.06260881111
GCore=0.00318992353455,1.40064820491,3.49855071516
GCore=-0.0013927102329,1.39955506434,3.87245754915
GCore=-8.75101610591e-05,1.39989601855,5.00783995862
****
O
PQN=2,2
NValence=6
F0ss=0.566478591371
F0sp=0.53211815429
F0pp=0.495753225954
F2pp=0.235891592598
G1sp=0.434401582863
ZetaOverlap=3.10777438645,2.52482490908
U=-3.66470467373,-2.89970627659
Beta=-1.04562764226,-1.09648279758
DDN=0,1,0.498744467218
DDN=1,1,0.485333479084
CoreKO=0.881837209032
KON=0,0,0,0.882368843871
KON=1,0,1,0.501813455565
KON=0,1,1,0.881957990301
KON=2,1,1,0.551440687929
EISol=-11.857902065
EHeat=0.094985218396
Alpha=2.35766582356
DipHyp=0.996899125085
GCore=0.0195061142421,1.38996287114,1.60269905617
GCore=0.0058697993124,1.96073923276,2.73029954231
****
