%chk=CO2_AM1_SRP_FDH_water.chk
%Mem=1000MB
%NProcShared=4
#P AM1=(Input,Print) opt

CO2 optimization AM1 in water
                
0 1
 C                  0.00000000    0.00000000    0.00000000
 O                  0.00000000    0.00000000    1.15575300
 O                  0.00000000    0.00000000   -1.15575300

 Method=8 CoreType=1 PeptideFC=0.0114505045 RIJScale=0.5291772086
****
C
PQN=2,2
NValence=4
F0ss=0.44881104471
F0sp=0.421318897354
F0pp=0.376934811657
F2pp=0.189871301453
G1sp=0.265395434425
ZetaOverlap=1.80976401599,1.68592213087
U=-1.91315029831,-1.45530602346
Beta=-0.578534474093,-0.283785902795
DDN=0,1,0.823515776443
DDN=1,1,0.726347696407
CoreKO=1.11419978975
KON=0,0,0,1.11483144053
KON=1,0,1,0.824894021625
KON=0,1,1,1.11495481414
KON=2,1,1,0.77824492025
EISol=-4.43689296554
EHeat=0.272163430546
Alpha=1.40162282328
DipHyp=1.64591117629
GCore=0.000788297496293,1.40006186238,3.05982979578
GCore=0.00318782039357,1.39946478664,3.49555866127
GCore=-0.00139279093898,1.40083273341,3.87181383561
GCore=-8.75225112243e-05,1.40049973585,5.0090331093
****
O
PQN=2,2
NValence=6
F0ss=0.566579045163
F0sp=0.53206319609
F0pp=0.495933829554
F2pp=0.235786349518
G1sp=0.434961624357
ZetaOverlap=3.10703049467,2.52491988304
U=-3.6631522196,-2.89949842751
Beta=-1.04591754079,-1.09710125303
DDN=0,1,0.498774892735
DDN=1,1,0.485283808338
CoreKO=0.88202841941
KON=0,0,0,0.882406212448
KON=1,0,1,0.502033734045
KON=0,1,1,0.881882620025
KON=2,1,1,0.55134342557
EISol=-11.8570597535
EHeat=0.0949536728409
Alpha=2.35761573455
DipHyp=0.997794120474
GCore=0.0195024514204,1.38992569509,1.60172953678
GCore=0.00586707718225,1.96041194997,2.73184292753
****
