%chk=CO2_AM1_SRP_FDH_water.chk
%Mem=1000MB
%NProcShared=4
#P AM1=(Input,Print) opt

CO2 optimization AM1 in water
                
0 1
 C                  0.00000000    0.00000000    0.00000000
 O                  0.00000000    0.00000000    1.15575300
 O                  0.00000000    0.00000000   -1.15575300

 Method=8 CoreType=1 PeptideFC=0.0114505045 RIJScale=0.5291772086
****
C
PQN=2,2
NValence=4
F0ss=0.44860324204
F0sp=0.421605560925
F0pp=0.376693020516
F2pp=0.189966360383
G1sp=0.26569658569
ZetaOverlap=1.80785732557,1.68472567077
U=-1.9122950869,-1.45538108928
Beta=-0.578112972508,-0.283572291535
DDN=0,1,0.823736917548
DDN=1,1,0.726762162538
CoreKO=1.1140897133
KON=0,0,0,1.11396744923
KON=1,0,1,0.825274533202
KON=0,1,1,1.11407850366
KON=2,1,1,0.778148266038
EISol=-4.4385043603
EHeat=0.272218993863
Alpha=1.40204843402
DipHyp=1.64763659092
GCore=0.000788553816171,1.4004017554,3.06045269807
GCore=0.00318831783171,1.40005440432,3.49505689674
GCore=-0.0013924670654,1.40013150748,3.8736092183
GCore=-8.75084404905e-05,1.40035636347,5.00658843771
****
O
PQN=2,2
NValence=6
F0ss=0.566424807162
F0sp=0.53203591792
F0pp=0.495639613345
F2pp=0.235817268938
G1sp=0.434748071815
ZetaOverlap=3.10792546018,2.52465470983
U=-3.66471171183,-2.90010214324
Beta=-1.04600192707,-1.09678019014
DDN=0,1,0.498743080143
DDN=1,1,0.485113994572
CoreKO=0.881945767196
KON=0,0,0,0.882635604625
KON=1,0,1,0.502022295318
KON=0,1,1,0.882248511922
KON=2,1,1,0.55174340606
EISol=-11.8568718105
EHeat=0.0949386281971
Alpha=2.35787006374
DipHyp=0.997745446999
GCore=0.0195035624544,1.3899821346,1.60261003937
GCore=0.005866084654,1.96036350088,2.73032182904
****
