%chk=CO2_AM1_SRP_FDH_water.chk
%Mem=1000MB
%NProcShared=4
#P AM1=(Input,Print) opt

CO2 optimization AM1 in water
                
0 1
 C                  0.00000000    0.00000000    0.00000000
 O                  0.00000000    0.00000000    1.15575300
 O                  0.00000000    0.00000000   -1.15575300

 Method=8 CoreType=1 PeptideFC=0.0114505045 RIJScale=0.5291772086
****
C
PQN=2,2
NValence=4
F0ss=0.448627504335
F0sp=0.421539555011
F0pp=0.376575794381
F2pp=0.189873451171
G1sp=0.265458817797
ZetaOverlap=1.80793087753,1.68450580949
U=-1.91163881078,-1.45562133327
Beta=-0.578319689443,-0.28346211908
DDN=0,1,0.823897299785
DDN=1,1,0.727022697953
CoreKO=1.11383174375
KON=0,0,0,1.11450330043
KON=1,0,1,0.825441070214
KON=0,1,1,1.11427266213
KON=2,1,1,0.778117519123
EISol=-4.44042437078
EHeat=0.272206637297
Alpha=1.40091742692
DipHyp=1.64727338852
GCore=0.000788931416465,1.40058972655,3.06115243502
GCore=0.00318879635589,1.40081310054,3.4948522925
GCore=-0.00139272293498,1.39974153397,3.8732793376
GCore=-8.74784945832e-05,1.39965761615,5.0092439764
****
O
PQN=2,2
NValence=6
F0ss=0.566692150175
F0sp=0.531960967724
F0pp=0.495971016481
F2pp=0.235804323582
G1sp=0.434628145252
ZetaOverlap=3.10862583287,2.52388147406
U=-3.66613945854,-2.89943693632
Beta=-1.04665759297,-1.09678954453
DDN=0,1,0.499047943385
DDN=1,1,0.485185058519
CoreKO=0.882114259317
KON=0,0,0,0.882261538025
KON=1,0,1,0.501713852022
KON=0,1,1,0.882516877023
KON=2,1,1,0.551339471406
EISol=-11.8495145416
EHeat=0.0948684557455
Alpha=2.35624931124
DipHyp=0.998160301027
GCore=0.0195021929499,1.38998170175,1.60199790146
GCore=0.00586949276557,1.96086245637,2.73165684397
****
