%chk=CO2_AM1_SRP_FDH_water.chk
%Mem=1000MB
%NProcShared=4
#P AM1=(Input,Print) opt

CO2 optimization AM1 in water
                
0 1
 C                  0.00000000    0.00000000    0.00000000
 O                  0.00000000    0.00000000    1.15575300
 O                  0.00000000    0.00000000   -1.15575300

 Method=8 CoreType=1 PeptideFC=0.0114505045 RIJScale=0.5291772086
****
C
PQN=2,2
NValence=4
F0ss=0.448435980336
F0sp=0.421477180685
F0pp=0.376616468831
F2pp=0.189826433432
G1sp=0.265483431504
ZetaOverlap=1.80931438167,1.68477458588
U=-1.91116856668,-1.45529712463
Beta=-0.578438532908,-0.283679841005
DDN=0,1,0.823620318487
DDN=1,1,0.727047707638
CoreKO=1.11454674312
KON=0,0,0,1.11473416344
KON=1,0,1,0.825065798909
KON=0,1,1,1.11453513175
KON=2,1,1,0.778549043899
EISol=-4.43923931289
EHeat=0.272349703023
Alpha=1.40134735846
DipHyp=1.6477201438
GCore=0.000788620562985,1.40009821556,3.05993300531
GCore=0.00318785546668,1.40011339936,3.49751037476
GCore=-0.00139370083887,1.40089836341,3.8719002595
GCore=-8.75157746799e-05,1.39956807302,5.00943452937
****
O
PQN=2,2
NValence=6
F0ss=0.566567140425
F0sp=0.532140860108
F0pp=0.495796333983
F2pp=0.235789852366
G1sp=0.43446664856
ZetaOverlap=3.10817283175,2.52433534971
U=-3.6654303616,-2.90185678708
Beta=-1.04592222398,-1.09725321759
DDN=0,1,0.498953274007
DDN=1,1,0.484994369108
CoreKO=0.882322486394
KON=0,0,0,0.882718452863
KON=1,0,1,0.50183539852
KON=0,1,1,0.882428727108
KON=2,1,1,0.551798549273
EISol=-11.8525383511
EHeat=0.0949461234979
Alpha=2.35619194112
DipHyp=0.99762505666
GCore=0.0195172761799,1.3898824833,1.60234509454
GCore=0.00586553885844,1.96016738276,2.73181101445
****
