%chk=CO2_AM1_SRP_FDH_water.chk
%Mem=1000MB
%NProcShared=4
#P AM1=(Input,Print) opt

CO2 optimization AM1 in water
                
0 1
 C                  0.00000000    0.00000000    0.00000000
 O                  0.00000000    0.00000000    1.15575300
 O                  0.00000000    0.00000000   -1.15575300

 Method=8 CoreType=1 PeptideFC=0.0114505045 RIJScale=0.5291772086
****
C
PQN=2,2
NValence=4
F0ss=0.448903500586
F0sp=0.421652759121
F0pp=0.376809395636
F2pp=0.189950209306
G1sp=0.265680282157
ZetaOverlap=1.8071608452,1.68477400844
U=-1.91218800723,-1.45539817752
Beta=-0.57825958033,-0.283569706436
DDN=0,1,0.823817502835
DDN=1,1,0.727265754782
CoreKO=1.11386068692
KON=0,0,0,1.11450470243
KON=1,0,1,0.82524543335
KON=0,1,1,1.11456814194
KON=2,1,1,0.778665587763
EISol=-4.43875608524
EHeat=0.27232974689
Alpha=1.40189484247
DipHyp=1.64716765889
GCore=0.000788180960031,1.39945721348,3.05958992698
GCore=0.00318893265208,1.3995830072,3.49823308314
GCore=-0.00139308202421,1.39973984689,3.87663137555
GCore=-8.74553896674e-05,1.3994385977,5.00704953474
****
O
PQN=2,2
NValence=6
F0ss=0.566841046525
F0sp=0.532527129849
F0pp=0.495981443436
F2pp=0.235760446406
G1sp=0.434598954547
ZetaOverlap=3.10703049467,2.52530598503
U=-3.6631522196,-2.89949842751
Beta=-1.04634578774,-1.0971350833
DDN=0,1,0.498758514139
DDN=1,1,0.485169550933
CoreKO=0.882093917937
KON=0,0,0,0.882233066419
KON=1,0,1,0.502033734045
KON=0,1,1,0.881958297125
KON=2,1,1,0.551482460655
EISol=-11.8570597535
EHeat=0.0949453353859
Alpha=2.35761573455
DipHyp=0.997794120474
GCore=0.0195024514204,1.38972473384,1.60205277225
GCore=0.00586754700973,1.96092639807,2.73184292753
****
