%chk=CO2_AM1_SRP_FDH_water.chk
%Mem=1000MB
%NProcShared=4
#P AM1=(Input,Print) opt

CO2 optimization AM1 in water
                
0 1
 C                  0.00000000    0.00000000    0.00000000
 O                  0.00000000    0.00000000    1.15575300
 O                  0.00000000    0.00000000   -1.15575300

 Method=8 CoreType=1 PeptideFC=0.0114505045 RIJScale=0.5291772086
****
C
PQN=2,2
NValence=4
F0ss=0.448643502064
F0sp=0.421487866796
F0pp=0.376828749835
F2pp=0.189854488719
G1sp=0.265537475865
ZetaOverlap=1.80785062031,1.68536756635
U=-1.9126385309,-1.45619416932
Beta=-0.578589211706,-0.283603438129
DDN=0,1,0.824044128643
DDN=1,1,0.726828924408
CoreKO=1.11421415449
KON=0,0,0,1.11445589907
KON=1,0,1,0.825090165886
KON=0,1,1,1.11435498368
KON=2,1,1,0.77818634711
EISol=-4.43833355037
EHeat=0.272421379087
Alpha=1.40180341025
DipHyp=1.64653452881
GCore=0.000788341513072,1.39946555745,3.06109442227
GCore=0.00318880821441,1.40064820491,3.49717763171
GCore=-0.00139282147154,1.39955506434,3.87245754915
GCore=-8.75402410214e-05,1.39997417971,5.00783995862
****
O
PQN=2,2
NValence=6
F0ss=0.566422310435
F0sp=0.532165418749
F0pp=0.496000360911
F2pp=0.235752984044
G1sp=0.434698782756
ZetaOverlap=3.10804110851,2.52488589913
U=-3.66576834136,-2.89940582662
Beta=-1.04638591479,-1.09676782931
DDN=0,1,0.499078260513
DDN=1,1,0.484991090505
CoreKO=0.882265450808
KON=0,0,0,0.882104079843
KON=1,0,1,0.501636501754
KON=0,1,1,0.882399665719
KON=2,1,1,0.55162554271
EISol=-11.8544822473
EHeat=0.0949586172461
Alpha=2.35592226815
DipHyp=0.998174586694
GCore=0.0195211650165,1.38965868347,1.60261883658
GCore=0.00586997962235,1.95938047985,2.72965471195
****
