%chk=CO2_AM1_SRP_FDH_water.chk
%Mem=1000MB
%NProcShared=4
#P AM1=(Input,Print) opt

CO2 optimization AM1 in water
                
0 1
 C                  0.00000000    0.00000000    0.00000000
 O                  0.00000000    0.00000000    1.15575300
 O                  0.00000000    0.00000000   -1.15575300

 Method=8 CoreType=1 PeptideFC=0.0114505045 RIJScale=0.5291772086
****
C
PQN=2,2
NValence=4
F0ss=0.448501218388
F0sp=0.421447328946
F0pp=0.376585149925
F2pp=0.189880791586
G1sp=0.265463854857
ZetaOverlap=1.80879728303,1.68557685361
U=-1.91227958642,-1.45564121075
Beta=-0.578167616929,-0.283377290337
DDN=0,1,0.823764679202
DDN=1,1,0.726998627219
CoreKO=1.11379419949
KON=0,0,0,1.11420395165
KON=1,0,1,0.825206924458
KON=0,1,1,1.11478837897
KON=2,1,1,0.778399354282
EISol=-4.43801307055
EHeat=0.272331040523
Alpha=1.40202438263
DipHyp=1.64667675372
GCore=0.000788733969153,1.39958567106,3.06034651674
GCore=0.00319133334172,1.39910962744,3.4957085815
GCore=-0.00139346767897,1.39987849156,3.87313503899
GCore=-8.74983434808e-05,1.39945640599,5.00567965151
****
O
PQN=2,2
NValence=6
F0ss=0.566403830444
F0sp=0.53214822908
F0pp=0.495722558394
F2pp=0.235750503542
G1sp=0.434806916367
ZetaOverlap=3.10691759625,2.52380670786
U=-3.66545501309,-2.90071092837
Beta=-1.04638263966,-1.09727274863
DDN=0,1,0.498757339328
DDN=1,1,0.485167635461
CoreKO=0.882110544077
KON=0,0,0,0.881889273139
KON=1,0,1,0.501626497937
KON=0,1,1,0.881962460209
KON=2,1,1,0.551575884521
EISol=-11.847574843
EHeat=0.0948901542535
Alpha=2.3567936726
DipHyp=0.998230887243
GCore=0.0195161026255,1.38990286004,1.60205004045
GCore=0.00586537103289,1.95976156895,2.7302676092
****
