%chk=CO2_AM1_SRP_FDH_water.chk
%Mem=1000MB
%NProcShared=4
#P AM1=(Input,Print) opt

CO2 optimization AM1 in water
                
0 1
 C                  0.00000000    0.00000000    0.00000000
 O                  0.00000000    0.00000000    1.15575300
 O                  0.00000000    0.00000000   -1.15575300

 Method=8 CoreType=1 PeptideFC=0.0114505045 RIJScale=0.5291772086
****
C
PQN=2,2
NValence=4
F0ss=0.448590922686
F0sp=0.421571587923
F0pp=0.377082658847
F2pp=0.189942921009
G1sp=0.265626944643
ZetaOverlap=1.80705022749,1.68496456355
U=-1.91115432924,-1.45444428238
Beta=-0.578581089535,-0.283806856263
DDN=0,1,0.823913117448
DDN=1,1,0.726962463837
CoreKO=1.11414911011
KON=0,0,0,1.11507421712
KON=1,0,1,0.825523924069
KON=0,1,1,1.11465726429
KON=2,1,1,0.778719855791
EISol=-4.44028169
EHeat=0.27229715219
Alpha=1.40214834746
DipHyp=1.64662483876
GCore=0.000788534101251,1.40069365068,3.05971070248
GCore=0.00318801858496,1.40099028305,3.49576132551
GCore=-0.0013930071315,1.39965183217,3.87509480867
GCore=-8.75094773135e-05,1.39933990116,5.00447169024
****
O
PQN=2,2
NValence=6
F0ss=0.566781952191
F0sp=0.532028922515
F0pp=0.496036571807
F2pp=0.235871482237
G1sp=0.434521655811
ZetaOverlap=3.10713008276,2.52377525971
U=-3.66494961535,-2.89992463761
Beta=-1.04612239331,-1.09637172981
DDN=0,1,0.498899979514
DDN=1,1,0.485314575813
CoreKO=0.882387430309
KON=0,0,0,0.882227817524
KON=1,0,1,0.502064361973
KON=0,1,1,0.882243813742
KON=2,1,1,0.55162043671
EISol=-11.8561650942
EHeat=0.0948880988253
Alpha=2.35557060302
DipHyp=0.997418226572
GCore=0.0195052154151,1.38981346389,1.60164812378
GCore=0.00586957168345,1.96064314141,2.7294602397
****
