%chk=CO2_AM1_SRP_FDH_water.chk
%Mem=1000MB
%NProcShared=4
#P AM1=(Input,Print) opt

CO2 optimization AM1 in water
                
0 1
 C                  0.00000000    0.00000000    0.00000000
 O                  0.00000000    0.00000000    1.15575300
 O                  0.00000000    0.00000000   -1.15575300

 Method=8 CoreType=1 PeptideFC=0.0114505045 RIJScale=0.5291772086
****
C
PQN=2,2
NValence=4
F0ss=0.448847160727
F0sp=0.421611634914
F0pp=0.376641780386
F2pp=0.189872870442
G1sp=0.265692829941
ZetaOverlap=1.80808768356,1.68437272798
U=-1.91154121179,-1.4563821299
Beta=-0.578489156408,-0.283463018461
DDN=0,1,0.823263656689
DDN=1,1,0.727075471059
CoreKO=1.11375364976
KON=0,0,0,1.11403613294
KON=1,0,1,0.825144885469
KON=0,1,1,1.114729329
KON=2,1,1,0.778407258315
EISol=-4.43706451339
EHeat=0.272389488415
Alpha=1.40192159308
DipHyp=1.64703332845
GCore=0.000788648376246,1.40022038059,3.06220722998
GCore=0.00318795957254,1.4002745443,3.49749113406
GCore=-0.00139365306294,1.40025995456,3.87469115426
GCore=-8.74654481194e-05,1.40061944634,5.00818978253
****
O
PQN=2,2
NValence=6
F0ss=0.566714142721
F0sp=0.532209725796
F0pp=0.495926824766
F2pp=0.235852947955
G1sp=0.434392341197
ZetaOverlap=3.10849863982,2.52362232212
U=-3.66353122481,-2.9018928943
Beta=-1.04634935347,-1.09650651623
DDN=0,1,0.498820254525
DDN=1,1,0.485205448999
CoreKO=0.882555329415
KON=0,0,0,0.882674514252
KON=1,0,1,0.501589242706
KON=0,1,1,0.881990924005
KON=2,1,1,0.551567550343
EISol=-11.8467596577
EHeat=0.094951671912
Alpha=2.35565642405
DipHyp=0.998004573706
GCore=0.0195067083722,1.38990453707,1.60199209712
GCore=0.00586794797182,1.96061130882,2.72969707763
****
