%chk=CO2_AM1_SRP_FDH_water.chk
%Mem=1000MB
%NProcShared=4
#P AM1=(Input,Print) opt

CO2 optimization AM1 in water
                
0 1
 C                  0.00000000    0.00000000    0.00000000
 O                  0.00000000    0.00000000    1.15575300
 O                  0.00000000    0.00000000   -1.15575300

 Method=8 CoreType=1 PeptideFC=0.0114505045 RIJScale=0.5291772086
****
C
PQN=2,2
NValence=4
F0ss=0.44881104471
F0sp=0.421409503061
F0pp=0.376809395636
F2pp=0.189863698534
G1sp=0.265564845828
ZetaOverlap=1.80848975615,1.68495603662
U=-1.91268498562,-1.45620047732
Beta=-0.578382208439,-0.283685837906
DDN=0,1,0.823918697285
DDN=1,1,0.726555673056
CoreKO=1.11421542513
KON=0,0,0,1.11419884207
KON=1,0,1,0.824897257732
KON=0,1,1,1.11365009082
KON=2,1,1,0.778063941824
EISol=-4.43550820779
EHeat=0.272264583616
Alpha=1.4012985902
DipHyp=1.64660863819
GCore=0.000788175100134,1.40037796172,3.0599981152
GCore=0.00318789359276,1.39959343351,3.49473389857
GCore=-0.00139250477158,1.4004051943,3.87220468642
GCore=-8.75208995974e-05,1.40030923644,5.01012400676
****
O
PQN=2,2
NValence=6
F0ss=0.566849380322
F0sp=0.532325549498
F0pp=0.495932029908
F2pp=0.235763881657
G1sp=0.434668649225
ZetaOverlap=3.10926709436,2.52416444123
U=-3.66479308541,-2.90193040458
Beta=-1.04595122625,-1.09648279758
DDN=0,1,0.498663136218
DDN=1,1,0.485333479084
CoreKO=0.882138602357
KON=0,0,0,0.882174861326
KON=1,0,1,0.501813455565
KON=0,1,1,0.88208514806
KON=2,1,1,0.551440687929
EISol=-11.8573962543
EHeat=0.0949488179296
Alpha=2.3576419297
DipHyp=0.997033290873
GCore=0.0195056020406,1.39035398759,1.60333160166
GCore=0.00586887713241,1.96128041985,2.73226655994
****
