%chk=CO2_AM1_SRP_FDH_water.chk
%Mem=1000MB
%NProcShared=4
#P AM1=(Input,Print) opt

CO2 optimization AM1 in water
                
0 1
 C                  0.00000000    0.00000000    0.00000000
 O                  0.00000000    0.00000000    1.15575300
 O                  0.00000000    0.00000000   -1.15575300

 Method=8 CoreType=1 PeptideFC=0.0114505045 RIJScale=0.5291772086
****
C
PQN=2,2
NValence=4
F0ss=0.448852723092
F0sp=0.42171391715
F0pp=0.376924422367
F2pp=0.189782422545
G1sp=0.265673235697
ZetaOverlap=1.80822734153,1.68620793846
U=-1.91151720784,-1.45510207224
Beta=-0.578265906652,-0.283622767145
DDN=0,1,0.824022841001
DDN=1,1,0.727252848402
CoreKO=1.11396672972
KON=0,0,0,1.11361450141
KON=1,0,1,0.825566296841
KON=0,1,1,1.11467186122
KON=2,1,1,0.777764259559
EISol=-4.43983651737
EHeat=0.272284162396
Alpha=1.40181428657
DipHyp=1.64711970324
GCore=0.000788338676062,1.40061303268,3.06183460249
GCore=0.0031886588018,1.39980332953,3.49560546633
GCore=-0.0013930420769,1.40077987478,3.87598928274
GCore=-8.7527484711e-05,1.3999071238,5.00721349615
****
O
PQN=2,2
NValence=6
F0ss=0.566699163583
F0sp=0.532269269373
F0pp=0.495650328147
F2pp=0.235791879267
G1sp=0.434565956041
ZetaOverlap=3.10891461869,2.52360124135
U=-3.66469536224,-2.89892851499
Beta=-1.04606657654,-1.09689352831
DDN=0,1,0.498650887286
DDN=1,1,0.485150085529
CoreKO=0.882677772059
KON=0,0,0,0.882253687249
KON=1,0,1,0.501859103518
KON=0,1,1,0.881895754496
KON=2,1,1,0.551341705296
EISol=-11.8463702222
EHeat=0.0949352275614
Alpha=2.35663065584
DipHyp=0.997711388038
GCore=0.0195175584474,1.39041009591,1.60229498121
GCore=0.00586430868454,1.96055187296,2.72942563388
****
