%chk=CO2_AM1_SRP_FDH_water.chk
%Mem=1000MB
%NProcShared=4
#P AM1=(Input,Print) opt

CO2 optimization AM1 in water
                
0 1
 C                  0.00000000    0.00000000    0.00000000
 O                  0.00000000    0.00000000    1.15575300
 O                  0.00000000    0.00000000   -1.15575300

 Method=8 CoreType=1 PeptideFC=0.0114505045 RIJScale=0.5291772086
****
C
PQN=2,2
NValence=4
F0ss=0.448774235907
F0sp=0.421612402364
F0pp=0.376938344395
F2pp=0.189863648383
G1sp=0.265438912485
ZetaOverlap=1.80862685732,1.6849430768
U=-1.91252869446,-1.45593416662
Beta=-0.578191916797,-0.283537668628
DDN=0,1,0.823877738275
DDN=1,1,0.72669306933
CoreKO=1.11409034226
KON=0,0,0,1.11391180714
KON=1,0,1,0.82528981234
KON=0,1,1,1.11424795548
KON=2,1,1,0.778700069792
EISol=-4.43794879153
EHeat=0.272316916585
Alpha=1.40096504612
DipHyp=1.64713459386
GCore=0.000788930812637,1.40077017988,3.06049113785
GCore=0.00318879339436,1.40011189663,3.49619787335
GCore=-0.00139294408135,1.40082183033,3.87511823658
GCore=-8.74649955614e-05,1.40027801134,5.00612862113
****
O
PQN=2,2
NValence=6
F0ss=0.566716121564
F0sp=0.531889439648
F0pp=0.495969876571
F2pp=0.235677342968
G1sp=0.434763561143
ZetaOverlap=3.10898701875,2.52400958559
U=-3.66388722335,-2.90204148495
Beta=-1.04707570505,-1.09645223775
DDN=0,1,0.498983189325
DDN=1,1,0.485471635878
CoreKO=0.882452997114
KON=0,0,0,0.882516143335
KON=1,0,1,0.501874250463
KON=0,1,1,0.882232178703
KON=2,1,1,0.5515228212
EISol=-11.8467643275
EHeat=0.0949384317208
Alpha=2.3570110894
DipHyp=0.997634906454
GCore=0.0195130291731,1.39024949441,1.60236038869
GCore=0.0058716307202,1.96032854335,2.73139455799
****
