%chk=CO2_AM1_SRP_FDH_water.chk
%Mem=1000MB
%NProcShared=4
#P AM1=(Input,Print) opt

CO2 optimization AM1 in water
                
0 1
 C                  0.00000000    0.00000000    0.00000000
 O                  0.00000000    0.00000000    1.15575300
 O                  0.00000000    0.00000000   -1.15575300

 Method=8 CoreType=1 PeptideFC=0.0114505045 RIJScale=0.5291772086
****
C
PQN=2,2
NValence=4
F0ss=0.448840296134
F0sp=0.421715899062
F0pp=0.376914423707
F2pp=0.189839341272
G1sp=0.265273937443
ZetaOverlap=1.80862685732,1.68452007571
U=-1.91339950501,-1.45526297794
Beta=-0.57817241962,-0.283537668628
DDN=0,1,0.823877738275
DDN=1,1,0.72669306933
CoreKO=1.11381352535
KON=0,0,0,1.11395347462
KON=1,0,1,0.82528981234
KON=0,1,1,1.11392141106
KON=2,1,1,0.778580408374
EISol=-4.43794879153
EHeat=0.272430220706
Alpha=1.40110489146
DipHyp=1.6476916636
GCore=0.000788697232075,1.40109701288,3.06119539363
GCore=0.00318955146698,1.39971207643,3.49474408242
GCore=-0.00139294408135,1.40082183033,3.87357630139
GCore=-8.74420956101e-05,1.40094555062,5.00846383252
****
O
PQN=2,2
NValence=6
F0ss=0.566716121564
F0sp=0.531889439648
F0pp=0.496092533178
F2pp=0.235745954311
G1sp=0.43480597166
ZetaOverlap=3.10784125905,2.52400958559
U=-3.66388722335,-2.90151012626
Beta=-1.0465810877,-1.09645223775
DDN=0,1,0.498983189325
DDN=1,1,0.485471635878
CoreKO=0.882452997114
KON=0,0,0,0.882516143335
KON=1,0,1,0.501874250463
KON=0,1,1,0.882232178703
KON=2,1,1,0.5515228212
EISol=-11.8467643275
EHeat=0.0949384317208
Alpha=2.3570110894
DipHyp=0.997634906454
GCore=0.019520345535,1.39024949441,1.60236038869
GCore=0.00586981648898,1.96032854335,2.73139455799
****
