%chk=CO2_AM1_SRP_FDH_water.chk
%Mem=1000MB
%NProcShared=4
#P AM1=(Input,Print) opt

CO2 optimization AM1 in water
                
0 1
 C                  0.00000000    0.00000000    0.00000000
 O                  0.00000000    0.00000000    1.15575300
 O                  0.00000000    0.00000000   -1.15575300

 Method=8 CoreType=1 PeptideFC=0.0114505045 RIJScale=0.5291772086
****
C
PQN=2,2
NValence=4
F0ss=0.448815930767
F0sp=0.42172027947
F0pp=0.376656643807
F2pp=0.189833632123
G1sp=0.265697692012
ZetaOverlap=1.80859972866,1.68437375432
U=-1.91152506486,-1.45506887622
Beta=-0.578472944096,-0.283622901441
DDN=0,1,0.823718269524
DDN=1,1,0.72692581359
CoreKO=1.11450291697
KON=0,0,0,1.11448955102
KON=1,0,1,0.825505343632
KON=0,1,1,1.11424908676
KON=2,1,1,0.77861946029
EISol=-4.43998007958
EHeat=0.272237873447
Alpha=1.4007874305
DipHyp=1.64654714736
GCore=0.000788328027804,1.40030352892,3.06226041996
GCore=0.00319075505645,1.4003857354,3.49657071031
GCore=-0.0013929267632,1.40030673643,3.87321327462
GCore=-8.75192562738e-05,1.39961699021,5.00823585706
****
O
PQN=2,2
NValence=6
F0ss=0.566924965711
F0sp=0.532147792784
F0pp=0.495675455529
F2pp=0.235780303511
G1sp=0.434661047564
ZetaOverlap=3.10805096475,2.52418946511
U=-3.6650057921,-2.90091284373
Beta=-1.04632560131,-1.09683036866
DDN=0,1,0.499073423506
DDN=1,1,0.485116105085
CoreKO=0.882436161463
KON=0,0,0,0.882379067766
KON=1,0,1,0.501892941442
KON=0,1,1,0.882011945039
KON=2,1,1,0.551626701203
EISol=-11.851606684
EHeat=0.0949557992896
Alpha=2.3575342332
DipHyp=0.99752162148
GCore=0.0195130333144,1.3906236574,1.60307615657
GCore=0.00586485424103,1.96063778543,2.73208679975
****
