%chk=CO2_AM1_SRP_FDH_water.chk
%Mem=1000MB
%NProcShared=4
#P AM1=(Input,Print) opt

CO2 optimization AM1 in water
                
0 1
 C                  0.00000000    0.00000000    0.00000000
 O                  0.00000000    0.00000000    1.15575300
 O                  0.00000000    0.00000000   -1.15575300

 Method=8 CoreType=1 PeptideFC=0.0114505045 RIJScale=0.5291772086
****
C
PQN=2,2
NValence=4
F0ss=0.448435980336
F0sp=0.421477180685
F0pp=0.376616468831
F2pp=0.189826433432
G1sp=0.265483431504
ZetaOverlap=1.80931438167,1.68477458588
U=-1.91160381145,-1.45586574085
Beta=-0.578133832501,-0.28351755572
DDN=0,1,0.824052077479
DDN=1,1,0.726943331501
CoreKO=1.11479519958
KON=0,0,0,1.1143893178
KON=1,0,1,0.825327635512
KON=0,1,1,1.11453513175
KON=2,1,1,0.778338419331
EISol=-4.4398057642
EHeat=0.272304595248
Alpha=1.40138335997
DipHyp=1.64746637097
GCore=0.000788620562985,1.40009821556,3.05993300531
GCore=0.00318785546668,1.40011339936,3.49751037476
GCore=-0.00139370083887,1.40089836341,3.8719002595
GCore=-8.75157746799e-05,1.39956807302,5.00943452937
****
O
PQN=2,2
NValence=6
F0ss=0.566268164653
F0sp=0.532084371128
F0pp=0.495876455956
F2pp=0.235782423941
G1sp=0.434750141988
ZetaOverlap=3.10607134495,2.52425233543
U=-3.66511948215,-2.90141236596
Beta=-1.04633763018,-1.09618951148
DDN=0,1,0.498895594163
DDN=1,1,0.48509717958
CoreKO=0.88233419416
KON=0,0,0,0.882716843672
KON=1,0,1,0.501619065213
KON=0,1,1,0.88274852902
KON=2,1,1,0.551651723623
EISol=-11.8577785665
EHeat=0.094895852085
Alpha=2.35641987822
DipHyp=0.997367140373
GCore=0.0195023788515,1.3899123653,1.60261711467
GCore=0.00586837091618,1.96082073635,2.729720299
****
