%chk=CO2_AM1_SRP_FDH_water.chk
%Mem=1000MB
%NProcShared=4
#P AM1=(Input,Print) opt

CO2 optimization AM1 in water
                
0 1
 C                  0.00000000    0.00000000    0.00000000
 O                  0.00000000    0.00000000    1.15575300
 O                  0.00000000    0.00000000   -1.15575300

 Method=8 CoreType=1 PeptideFC=0.0114505045 RIJScale=0.5291772086
****
C
PQN=2,2
NValence=4
F0ss=0.448683651698
F0sp=0.421471194391
F0pp=0.376772267259
F2pp=0.189871573386
G1sp=0.265542334221
ZetaOverlap=1.80805117616,1.68554914511
U=-1.91190292253,-1.45590349973
Beta=-0.578123134639,-0.283664410323
DDN=0,1,0.823853569641
DDN=1,1,0.726863074837
CoreKO=1.11389753425
KON=0,0,0,1.11409908726
KON=1,0,1,0.824846202499
KON=0,1,1,1.11399751882
KON=2,1,1,0.778469341635
EISol=-4.44004097745
EHeat=0.272346107861
Alpha=1.4017155459
DipHyp=1.64708745132
GCore=0.000788924142288,1.39976399406,3.06176235646
GCore=0.00319070845378,1.39978528637,3.49514949351
GCore=-0.00139344462754,1.4007023115,3.87535294326
GCore=-8.74954881691e-05,1.39938581427,5.00944649387
****
O
PQN=2,2
NValence=6
F0ss=0.566580984054
F0sp=0.532122729045
F0pp=0.495913098689
F2pp=0.235782449344
G1sp=0.43443938593
ZetaOverlap=3.10848864241,2.52501628017
U=-3.66288668188,-2.90009403307
Beta=-1.0466617446,-1.09697733254
DDN=0,1,0.499023943308
DDN=1,1,0.485044509112
CoreKO=0.882165279235
KON=0,0,0,0.88242424188
KON=1,0,1,0.501650308684
KON=0,1,1,0.882381684338
KON=2,1,1,0.551379936738
EISol=-11.855137369
EHeat=0.0949174028975
Alpha=2.35639955399
DipHyp=0.997620497312
GCore=0.0195027979891,1.38992226485,1.60210299278
GCore=0.0058665310796,1.96068922311,2.73173569853
****
