%chk=CO2_AM1_SRP_FDH_water.chk
%Mem=1000MB
%NProcShared=4
#P AM1=(Input,Print) opt

CO2 optimization AM1 in water
                
0 1
 C                  0.00000000    0.00000000    0.00000000
 O                  0.00000000    0.00000000    1.15575300
 O                  0.00000000    0.00000000   -1.15575300

 Method=8 CoreType=1 PeptideFC=0.0114505045 RIJScale=0.5291772086
****
C
PQN=2,2
NValence=4
F0ss=0.448759776475
F0sp=0.421692608384
F0pp=0.376638963809
F2pp=0.189863648383
G1sp=0.265638677161
ZetaOverlap=1.8084631039,1.68574576674
U=-1.91109590169,-1.45553937421
Beta=-0.578611794961,-0.283481310469
DDN=0,1,0.8233420426
DDN=1,1,0.727078844855
CoreKO=1.11389275165
KON=0,0,0,1.11436257245
KON=1,0,1,0.825523924069
KON=0,1,1,1.11424795548
KON=2,1,1,0.778700069792
EISol=-4.43794879153
EHeat=0.272316916585
Alpha=1.40096504612
DipHyp=1.64713459386
GCore=0.000788930812637,1.40077017988,3.06049113785
GCore=0.00318879339436,1.40011189663,3.49619787335
GCore=-0.00139294408135,1.40082183033,3.87511823658
GCore=-8.74649955614e-05,1.40027801134,5.00612862113
****
O
PQN=2,2
NValence=6
F0ss=0.566457645266
F0sp=0.531889439648
F0pp=0.496092533178
F2pp=0.235745954311
G1sp=0.43480597166
ZetaOverlap=3.10784125905,2.52484160487
U=-3.66388722335,-2.90151012626
Beta=-1.0465810877,-1.09645223775
DDN=0,1,0.498983189325
DDN=1,1,0.485471635878
CoreKO=0.882452997114
KON=0,0,0,0.882697378366
KON=1,0,1,0.501874250463
KON=0,1,1,0.882232178703
KON=2,1,1,0.551402792606
EISol=-11.8467643275
EHeat=0.0949384317208
Alpha=2.3570110894
DipHyp=0.997634906454
GCore=0.0195213568041,1.39024949441,1.60236038869
GCore=0.00586981648898,1.96032854335,2.73139455799
****
