%chk=CO2_AM1_SRP_FDH_water.chk
%Mem=1000MB
%NProcShared=4
#P AM1=(Input,Print) opt

CO2 optimization AM1 in water
                
0 1
 C                  0.00000000    0.00000000    0.00000000
 O                  0.00000000    0.00000000    1.15575300
 O                  0.00000000    0.00000000   -1.15575300

 Method=8 CoreType=1 PeptideFC=0.0114505045 RIJScale=0.5291772086
****
C
PQN=2,2
NValence=4
F0ss=0.448759228535
F0sp=0.421528831943
F0pp=0.376729026327
F2pp=0.189891383069
G1sp=0.265666269554
ZetaOverlap=1.80950976098,1.68471278684
U=-1.91109947354,-1.45618710775
Beta=-0.578537781351,-0.28348291644
DDN=0,1,0.823507137698
DDN=1,1,0.727009986999
CoreKO=1.11429853311
KON=0,0,0,1.11432118583
KON=1,0,1,0.824831047922
KON=0,1,1,1.11441882478
KON=2,1,1,0.778511784107
EISol=-4.43985601055
EHeat=0.272364763599
Alpha=1.40160301595
DipHyp=1.64739509791
GCore=0.000788759532668,1.40044143498,3.05967533123
GCore=0.00319079469871,1.40059135414,3.49448849165
GCore=-0.00139247346802,1.39986587503,3.87547897893
GCore=-8.74937099858e-05,1.40032642699,5.00563958887
****
O
PQN=2,2
NValence=6
F0ss=0.566703962312
F0sp=0.532368157677
F0pp=0.49585896681
F2pp=0.235747708459
G1sp=0.43475103984
ZetaOverlap=3.1091925943,2.52371824547
U=-3.66290302768,-2.90029212786
Beta=-1.04605403713,-1.09719448617
DDN=0,1,0.498907303568
DDN=1,1,0.485387914912
CoreKO=0.882352134306
KON=0,0,0,0.882406769697
KON=1,0,1,0.501666894082
KON=0,1,1,0.881921412538
KON=2,1,1,0.551795764835
EISol=-11.8520358804
EHeat=0.0948974079306
Alpha=2.35738870684
DipHyp=0.998233807319
GCore=0.0195187283988,1.38984945194,1.60246267227
GCore=0.00586748820792,1.95956430741,2.7304248946
****
