%chk=CO2_AM1_SRP_FDH_water.chk
%Mem=1000MB
%NProcShared=4
#P AM1=(Input,Print) opt

CO2 optimization AM1 in water
                
0 1
 C                  0.00000000    0.00000000    0.00000000
 O                  0.00000000    0.00000000    1.15575300
 O                  0.00000000    0.00000000   -1.15575300

 Method=8 CoreType=1 PeptideFC=0.0114505045 RIJScale=0.5291772086
****
C
PQN=2,2
NValence=4
F0ss=0.448778452698
F0sp=0.421381557178
F0pp=0.376923726192
F2pp=0.18995905581
G1sp=0.265505736561
ZetaOverlap=1.8088815616,1.68530749748
U=-1.91257853532,-1.45515780076
Beta=-0.57838721149,-0.283702087111
DDN=0,1,0.82354703475
DDN=1,1,0.726720799268
CoreKO=1.11393056749
KON=0,0,0,1.11469908342
KON=1,0,1,0.825346678001
KON=0,1,1,1.11390889928
KON=2,1,1,0.778296522605
EISol=-4.43963785446
EHeat=0.27237677672
Alpha=1.40190039478
DipHyp=1.64723679189
GCore=0.000788514009006,1.39945884299,3.06051368217
GCore=0.00318887086176,1.39973495603,3.49535566475
GCore=-0.00139311841438,1.40080269471,3.87336839146
GCore=-8.74713217237e-05,1.40044678458,5.00604729892
****
O
PQN=2,2
NValence=6
F0ss=0.566621914564
F0sp=0.532287135491
F0pp=0.495655224497
F2pp=0.235694770005
G1sp=0.434388534962
ZetaOverlap=3.10723049733,2.52486254987
U=-3.66398866087,-2.8998735757
Beta=-1.0462462776,-1.09719242139
DDN=0,1,0.499082655101
DDN=1,1,0.485383476604
CoreKO=0.882541643336
KON=0,0,0,0.88210197733
KON=1,0,1,0.501674182784
KON=0,1,1,0.882672215257
KON=2,1,1,0.55177081128
EISol=-11.8469575158
EHeat=0.0948902721925
Alpha=2.35575089092
DipHyp=0.998130668801
GCore=0.0195090900169,1.3904705207,1.60252491261
GCore=0.00586530026372,1.96079994008,2.73043578084
****
