%chk=CO2_AM1_SRP_FDH_water.chk
%Mem=1000MB
%NProcShared=4
#P AM1=(Input,Print) opt

CO2 optimization AM1 in water
                
0 1
 C                  0.00000000    0.00000000    0.00000000
 O                  0.00000000    0.00000000    1.15575300
 O                  0.00000000    0.00000000   -1.15575300

 Method=8 CoreType=1 PeptideFC=0.0114505045 RIJScale=0.5291772086
****
C
PQN=2,2
NValence=4
F0ss=0.448690962866
F0sp=0.421705121393
F0pp=0.376619130664
F2pp=0.189919289719
G1sp=0.265469014387
ZetaOverlap=1.80847357687,1.68481588493
U=-1.9116531517,-1.45639792057
Beta=-0.578138454723,-0.283511611772
DDN=0,1,0.823690337379
DDN=1,1,0.727145672267
CoreKO=1.11394716734
KON=0,0,0,1.11386638209
KON=1,0,1,0.824950797118
KON=0,1,1,1.11435659623
KON=2,1,1,0.778474407845
EISol=-4.44042941441
EHeat=0.27221455081
Alpha=1.40133351868
DipHyp=1.64771401022
GCore=0.000788974311473,1.39981609561,3.05986690663
GCore=0.00318795336368,1.39976552554,3.497511742
GCore=-0.00139303526722,1.40017278353,3.87239062733
GCore=-8.75749788128e-05,1.40006338701,5.00869513378
****
O
PQN=2,2
NValence=6
F0ss=0.566336295897
F0sp=0.532333396536
F0pp=0.495654155985
F2pp=0.235776379542
G1sp=0.434477947413
ZetaOverlap=3.1088182611,2.52427104304
U=-3.6631629232,-2.9014573815
Beta=-1.0462416074,-1.09730932877
DDN=0,1,0.499040854196
DDN=1,1,0.485276263684
CoreKO=0.881783243138
KON=0,0,0,0.882441046516
KON=1,0,1,0.50159620509
KON=0,1,1,0.882431646864
KON=2,1,1,0.55145003377
EISol=-11.856942655
EHeat=0.0949229026933
Alpha=2.35796211119
DipHyp=0.997973113361
GCore=0.0195083845109,1.38913118191,1.60263016343
GCore=0.00586987508688,1.96039192151,2.7306808117
****
