%chk=CO2_AM1_SRP_FDH_water.chk
%Mem=1000MB
%NProcShared=4
#P AM1=(Input,Print) opt

CO2 optimization AM1 in water
                
0 1
 C                  0.00000000    0.00000000    0.00000000
 O                  0.00000000    0.00000000    1.15575300
 O                  0.00000000    0.00000000   -1.15575300

 Method=8 CoreType=1 PeptideFC=0.0114505045 RIJScale=0.5291772086
****
C
PQN=2,2
NValence=4
F0ss=0.448903500586
F0sp=0.421652759121
F0pp=0.376809395636
F2pp=0.189863698534
G1sp=0.265576899064
ZetaOverlap=1.8084631039,1.68574576674
U=-1.91268498562,-1.45620047732
Beta=-0.578382208439,-0.283685837906
DDN=0,1,0.8233420426
DDN=1,1,0.727078844855
CoreKO=1.11389275165
KON=0,0,0,1.11436257245
KON=1,0,1,0.825523924069
KON=0,1,1,1.11465726429
KON=2,1,1,0.778472043749
EISol=-4.44009693192
EHeat=0.27229715219
Alpha=1.40172319232
DipHyp=1.64660863819
GCore=0.000788175100134,1.40037796172,3.0599981152
GCore=0.00318789359276,1.39951254085,3.49473389857
GCore=-0.00139250477158,1.39971121162,3.87220468642
GCore=-8.75208995974e-05,1.40075540996,5.01012400676
****
O
PQN=2,2
NValence=6
F0ss=0.566752428923
F0sp=0.532211473134
F0pp=0.495753225954
F2pp=0.235837293689
G1sp=0.434401582863
ZetaOverlap=3.10899672255,2.52416444123
U=-3.66545985491,-2.89970627659
Beta=-1.04600034241,-1.09648279758
DDN=0,1,0.498744467218
DDN=1,1,0.485333479084
CoreKO=0.881872889629
KON=0,0,0,0.882174861326
KON=1,0,1,0.501813455565
KON=0,1,1,0.88208514806
KON=2,1,1,0.551440687929
EISol=-11.857902065
EHeat=0.0949488179296
Alpha=2.3576419297
DipHyp=0.997329427091
GCore=0.0195061142421,1.38985160713,1.6028937095
GCore=0.00586942026293,1.96073923276,2.73102575046
****
