%chk=CO2_AM1_SRP_FDH_water.chk
%Mem=1000MB
%NProcShared=4
#P AM1=(Input,Print) opt

CO2 optimization AM1 in water
                
0 1
 C                  0.00000000    0.00000000    0.00000000
 O                  0.00000000    0.00000000    1.15575300
 O                  0.00000000    0.00000000   -1.15575300

 Method=8 CoreType=1 PeptideFC=0.0114505045 RIJScale=0.5291772086
****
C
PQN=2,2
NValence=4
F0ss=0.44881104471
F0sp=0.42124807464
F0pp=0.376934811657
F2pp=0.189871301453
G1sp=0.265395434425
ZetaOverlap=1.80942480497,1.68592213087
U=-1.91315029831,-1.45530602346
Beta=-0.578534474093,-0.283785902795
DDN=0,1,0.823515776443
DDN=1,1,0.726295629667
CoreKO=1.11419978975
KON=0,0,0,1.11480905417
KON=1,0,1,0.824917727165
KON=0,1,1,1.1144625172
KON=2,1,1,0.778282419705
EISol=-4.43829127116
EHeat=0.272248983743
Alpha=1.40162282328
DipHyp=1.64591117629
GCore=0.000788297496293,1.40006186238,3.05982979578
GCore=0.00318712262371,1.40013812439,3.49555866127
GCore=-0.00139279093898,1.40033466605,3.87181383561
GCore=-8.75225112243e-05,1.39980076175,5.0090331093
****
O
PQN=2,2
NValence=6
F0ss=0.567022404603
F0sp=0.532336525135
F0pp=0.496050329879
F2pp=0.235844106618
G1sp=0.434703521477
ZetaOverlap=3.10949456553,2.52466036811
U=-3.66302827365,-2.90061478755
Beta=-1.04671437217,-1.09633034867
DDN=0,1,0.499053195326
DDN=1,1,0.485091354466
CoreKO=0.882533113583
KON=0,0,0,0.882606118471
KON=1,0,1,0.501583116966
KON=0,1,1,0.882211697937
KON=2,1,1,0.551594418182
EISol=-11.8452160134
EHeat=0.0949135024665
Alpha=2.35695353434
DipHyp=0.997678498307
GCore=0.0195073632012,1.39064838987,1.6023381958
GCore=0.0058681286727,1.95940556103,2.73075533433
****
