%chk=CO2_AM1_SRP_FDH_water.chk
%Mem=1000MB
%NProcShared=4
#P AM1=(Input,Print) opt

CO2 optimization AM1 in water
                
0 1
 C                  0.00000000    0.00000000    0.00000000
 O                  0.00000000    0.00000000    1.15575300
 O                  0.00000000    0.00000000   -1.15575300

 Method=8 CoreType=1 PeptideFC=0.0114505045 RIJScale=0.5291772086
****
C
PQN=2,2
NValence=4
F0ss=0.4487313384
F0sp=0.4215147623
F0pp=0.3768030831
F2pp=0.1898715146
G1sp=0.2655654832
ZetaOverlap=1.8086650000,1.6851175595
U=-1.9118702447,-1.4556954037
Beta=-0.5783259377,-0.2835940351
DDN=0,1,0.8236732588
DDN=1,1,0.7268008481
CoreKO=1.1141957987
KON=0,0,0,1.1141957987
KON=1,0,1,0.8252397389
KON=0,1,1,1.1141957987
KON=2,1,1,0.7783922803
EISol=-4.4385557846
EHeat=0.2723305520
Alpha=1.4014062429
DipHyp=1.6472517444
GCore=0.0007885612,1.4001425905,3.0610959915
GCore=0.0031892455,1.4001463956,3.4959933458
GCore=-0.0013931594,1.4001425905,3.8739385724
GCore=-0.0000875022,1.3999655044,5.0077742521
****
O
PQN=2,2
NValence=6
F0ss=0.5666745976
F0sp=0.5321302318
F0pp=0.4958708974
F2pp=0.2358081713
G1sp=0.4346048936
ZetaOverlap=3.1079744807,2.5240390000
U=-3.6643637662,-2.9004588429
Beta=-1.0463924834,-1.0967844222
DDN=0,1,0.4988971288
DDN=1,1,0.4852321503
CoreKO=0.8822957198
KON=0,0,0,0.8822957198
KON=1,0,1,0.5018394365
KON=0,1,1,0.8822957198
KON=2,1,1,0.5515584314
EISol=-11.8525791624
EHeat=0.0949133088
Alpha=2.3567313291
DipHyp=0.9977368537
GCore=0.0195117322,1.3902737312,1.6023367587
GCore=0.0058670982,1.9601566282,2.7307884326
****
