%chk=CO2_AM1_SRP_FDH_water.chk
%Mem=1000MB
%NProcShared=4
#P AM1=(Input,Print) opt

CO2 optimization AM1 in water
                
0 1
 C                  0.00000000    0.00000000    0.00000000
 O                  0.00000000    0.00000000    1.15575300
 O                  0.00000000    0.00000000   -1.15575300

 Method=8 CoreType=1 PeptideFC=0.0114505045 RIJScale=0.5291772086
****
C
PQN=2,2
NValence=4
F0ss=0.448847337207
F0sp=0.421562750466
F0pp=0.376887777845
F2pp=0.18993966318
G1sp=0.265549536834
ZetaOverlap=1.80967028974,1.68553282929
U=-1.91160381145,-1.45586574085
Beta=-0.578133832501,-0.28351755572
DDN=0,1,0.824052077479
DDN=1,1,0.726943331501
CoreKO=1.11479519958
KON=0,0,0,1.1143893178
KON=1,0,1,0.825327635512
KON=0,1,1,1.11440490196
KON=2,1,1,0.778338419331
EISol=-4.4398057642
EHeat=0.272304595248
Alpha=1.40138335997
DipHyp=1.64746637097
GCore=0.000788329889228,1.40065399935,3.06267884527
GCore=0.0031886588018,1.39912355809,3.49560546633
GCore=-0.00139368003451,1.39997337881,3.87313343918
GCore=-8.7528165234e-05,1.39939558913,5.00588391909
****
O
PQN=2,2
NValence=6
F0ss=0.566268164653
F0sp=0.532084371128
F0pp=0.495876455956
F2pp=0.235782423941
G1sp=0.434750141988
ZetaOverlap=3.10607134495,2.52425233543
U=-3.66511948215,-2.90141236596
Beta=-1.04633763018,-1.09618951148
DDN=0,1,0.498895594163
DDN=1,1,0.48509717958
CoreKO=0.88233419416
KON=0,0,0,0.882716843672
KON=1,0,1,0.501619065213
KON=0,1,1,0.88274852902
KON=2,1,1,0.551651723623
EISol=-11.8577785665
EHeat=0.094895852085
Alpha=2.35641987822
DipHyp=0.997367140373
GCore=0.0195023788515,1.3899123653,1.60261711467
GCore=0.00586837091618,1.96082073635,2.729720299
****
