%chk=CO2_AM1_SRP_FDH_water.chk
%Mem=1000MB
%NProcShared=4
#P AM1=(Input,Print) opt

CO2 optimization AM1 in water
                
0 1
 C                  0.00000000    0.00000000    0.00000000
 O                  0.00000000    0.00000000    1.15575300
 O                  0.00000000    0.00000000   -1.15575300

 Method=8 CoreType=1 PeptideFC=0.0114505045 RIJScale=0.5291772086
****
C
PQN=2,2
NValence=4
F0ss=0.44881104471
F0sp=0.421318897354
F0pp=0.376934811657
F2pp=0.189871301453
G1sp=0.265471403124
ZetaOverlap=1.80976401599,1.68592213087
U=-1.91268498562,-1.45530602346
Beta=-0.578534474093,-0.283685837906
DDN=0,1,0.823515776443
DDN=1,1,0.726669345598
CoreKO=1.11419978975
KON=0,0,0,1.11442086158
KON=1,0,1,0.824917727165
KON=0,1,1,1.1144625172
KON=2,1,1,0.778282419705
EISol=-4.43829127116
EHeat=0.272248983743
Alpha=1.40089786144
DipHyp=1.64660863819
GCore=0.000788764079736,1.39955156337,3.06256354912
GCore=0.00318913989953,1.39973824406,3.49471947456
GCore=-0.00139279093898,1.40083273341,3.87220468642
GCore=-8.75514875229e-05,1.40049973585,5.01012400676
****
O
PQN=2,2
NValence=6
F0ss=0.566752428923
F0sp=0.532312228226
F0pp=0.495747157829
F2pp=0.235837293689
G1sp=0.434444255088
ZetaOverlap=3.10777438645,2.52416444123
U=-3.66417669334,-2.89878898729
Beta=-1.04600034241,-1.09648279758
DDN=0,1,0.498958471795
DDN=1,1,0.485333479084
CoreKO=0.881672102324
KON=0,0,0,0.882174861326
KON=1,0,1,0.501813455565
KON=0,1,1,0.88208514806
KON=2,1,1,0.551440687929
EISol=-11.857902065
EHeat=0.0949097981599
Alpha=2.35768875111
DipHyp=0.997329427091
GCore=0.0194972406177,1.38985160713,1.6030541322
GCore=0.00586942026293,1.96138159097,2.7312720541
****
