%chk=CO2_AM1_SRP_FDH_water.chk
%Mem=1000MB
%NProcShared=4
#P AM1=(Input,Print) opt

CO2 optimization AM1 in water
                
0 1
 C                  0.00000000    0.00000000    0.00000000
 O                  0.00000000    0.00000000    1.15575300
 O                  0.00000000    0.00000000   -1.15575300

 Method=8 CoreType=1 PeptideFC=0.0114505045 RIJScale=0.5291772086
****
C
PQN=2,2
NValence=4
F0ss=0.448774629388
F0sp=0.421305143241
F0pp=0.376909786296
F2pp=0.189863917413
G1sp=0.265488279973
ZetaOverlap=1.80849091103,1.68432131219
U=-1.91123594909,-1.45505448684
Beta=-0.578295878062,-0.283651730396
DDN=0,1,0.823283383922
DDN=1,1,0.726782377181
CoreKO=1.11433223379
KON=0,0,0,1.11394520363
KON=1,0,1,0.825033406496
KON=0,1,1,1.11374311864
KON=2,1,1,0.778026670771
EISol=-4.43709254344
EHeat=0.272209077226
Alpha=1.40196722701
DipHyp=1.64803229004
GCore=0.000788800598263,1.40075877903,3.0604982299
GCore=0.00319066962395,1.39985717231,3.49464624752
GCore=-0.00139292838914,1.40074257876,3.87486752142
GCore=-8.75315707501e-05,1.40055839412,5.00734720315
****
O
PQN=2,2
NValence=6
F0ss=0.566799622482
F0sp=0.53224231276
F0pp=0.49586450757
F2pp=0.235857855436
G1sp=0.434590520353
ZetaOverlap=3.10852562085,2.5233756092
U=-3.66488549768,-2.90153856195
Beta=-1.04680779064,-1.09660203967
DDN=0,1,0.499124471747
DDN=1,1,0.485028784212
CoreKO=0.882066929039
KON=0,0,0,0.881864857473
KON=1,0,1,0.501799099426
KON=0,1,1,0.882020584635
KON=2,1,1,0.551295886568
EISol=-11.8490145799
EHeat=0.094873993084
Alpha=2.35607793154
DipHyp=0.997852013892
GCore=0.019516832597,1.39005969661,1.60224958606
GCore=0.00586906590076,1.96077368864,2.73089543049
****
