%chk=CO2_AM1_SRP_FDH_water.chk
%Mem=1000MB
%NProcShared=4
#P AM1=(Input,Print) opt

CO2 optimization AM1 in water
                
0 1
 C                  0.00000000    0.00000000    0.00000000
 O                  0.00000000    0.00000000    1.15575300
 O                  0.00000000    0.00000000   -1.15575300

 Method=8 CoreType=1 PeptideFC=0.0114505045 RIJScale=0.5291772086
****
C
PQN=2,2
NValence=4
F0ss=0.448571402482
F0sp=0.421571587923
F0pp=0.376969791867
F2pp=0.189883679852
G1sp=0.265626944643
ZetaOverlap=1.80795200766,1.68496456355
U=-1.91115432924,-1.45500432532
Beta=-0.578581089535,-0.283693562055
DDN=0,1,0.823863370363
DDN=1,1,0.726962463837
CoreKO=1.11414911011
KON=0,0,0,1.11463255828
KON=1,0,1,0.825523924069
KON=0,1,1,1.11465726429
KON=2,1,1,0.778472043749
EISol=-4.44009693192
EHeat=0.27229715219
Alpha=1.40172319232
DipHyp=1.64662483876
GCore=0.000788700547249,1.40069365068,3.05971070248
GCore=0.00318844360625,1.40057837246,3.49462622572
GCore=-0.00139273925052,1.39965183217,3.87478109835
GCore=-8.75094773135e-05,1.39933990116,5.0056614069
****
O
PQN=2,2
NValence=6
F0ss=0.566842089145
F0sp=0.5319639907
F0pp=0.495792330076
F2pp=0.235871482237
G1sp=0.434521655811
ZetaOverlap=3.10713008276,2.52377525971
U=-3.66490889043,-2.90085788714
Beta=-1.04604332064,-1.09637172981
DDN=0,1,0.49905681687
DDN=1,1,0.485314575813
CoreKO=0.882123990337
KON=0,0,0,0.882580292888
KON=1,0,1,0.502064361973
KON=0,1,1,0.882243813742
KON=2,1,1,0.551802999645
EISol=-11.8579949237
EHeat=0.0948815479532
Alpha=2.35557060302
DipHyp=0.997418226572
GCore=0.0195027313852,1.39009515617,1.60164812378
GCore=0.00586840761635,1.96064314141,2.7294602397
****
