%chk=CO2_AM1_SRP_FDH_water.chk
%Mem=1000MB
%NProcShared=4
#P AM1=(Input,Print) opt

CO2 optimization AM1 in water
                
0 1
 C                  0.00000000    0.00000000    0.00000000
 O                  0.00000000    0.00000000    1.15575300
 O                  0.00000000    0.00000000   -1.15575300

 Method=8 CoreType=1 PeptideFC=0.0114505045 RIJScale=0.5291772086
****
C
PQN=2,2
NValence=4
F0ss=0.44882680377
F0sp=0.421195762833
F0pp=0.376950292497
F2pp=0.189727989272
G1sp=0.26569446499
ZetaOverlap=1.80894114198,1.68378832391
U=-1.91191365926,-1.45552419355
Beta=-0.578393577155,-0.283476542613
DDN=0,1,0.824004374454
DDN=1,1,0.727073476054
CoreKO=1.11471605601
KON=0,0,0,1.11473349103
KON=1,0,1,0.825276263063
KON=0,1,1,1.11467064766
KON=2,1,1,0.778511503115
EISol=-4.43822305339
EHeat=0.272415198026
Alpha=1.40093025797
DipHyp=1.64778421334
GCore=0.000789187298037,1.39948447837,3.05945035038
GCore=0.00318880672495,1.40038275062,3.4998485501
GCore=-0.00139383558779,1.40097156858,3.87347009978
GCore=-8.74764447099e-05,1.40028972594,5.00561662411
****
O
PQN=2,2
NValence=6
F0ss=0.566752428923
F0sp=0.532325549498
F0pp=0.495753225954
F2pp=0.235837293689
G1sp=0.434401582863
ZetaOverlap=3.10777438645,2.52416444123
U=-3.66453416324,-2.89970627659
Beta=-1.04600034241,-1.09648279758
DDN=0,1,0.498744467218
DDN=1,1,0.485333479084
CoreKO=0.881872889629
KON=0,0,0,0.882174861326
KON=1,0,1,0.501813455565
KON=0,1,1,0.88208514806
KON=2,1,1,0.551440687929
EISol=-11.857902065
EHeat=0.0949488179296
Alpha=2.3576419297
DipHyp=0.997329427091
GCore=0.0195061142421,1.38985160713,1.6028937095
GCore=0.00586942026293,1.96073923276,2.73102575046
****
