%chk=CO2_AM1_SRP_FDH_water.chk
%Mem=1000MB
%NProcShared=4
#P AM1=(Input,Print) opt

CO2 optimization AM1 in water
                
0 1
 C                  0.00000000    0.00000000    0.00000000
 O                  0.00000000    0.00000000    1.15575300
 O                  0.00000000    0.00000000   -1.15575300

 Method=8 CoreType=1 PeptideFC=0.0114505045 RIJScale=0.5291772086
****
C
PQN=2,2
NValence=4
F0ss=0.448774235907
F0sp=0.421612402364
F0pp=0.376938344395
F2pp=0.189863648383
G1sp=0.265486150269
ZetaOverlap=1.80850752306,1.68502037596
U=-1.9120924679,-1.45642139025
Beta=-0.578450782629,-0.283457982422
DDN=0,1,0.823688579723
DDN=1,1,0.726726988785
CoreKO=1.113830519
KON=0,0,0,1.11425225048
KON=1,0,1,0.825151639195
KON=0,1,1,1.11419306658
KON=2,1,1,0.778583240811
EISol=-4.43934635425
EHeat=0.272308719856
Alpha=1.40155991357
DipHyp=1.6476916636
GCore=0.000788930812637,1.40077017988,3.06049113785
GCore=0.00318879339436,1.40011189663,3.49619787335
GCore=-0.00139294408135,1.40082183033,3.87511823658
GCore=-8.74649955614e-05,1.40027801134,5.00612862113
****
O
PQN=2,2
NValence=6
F0ss=0.566912748548
F0sp=0.531896454844
F0pp=0.496105697401
F2pp=0.2356761947
G1sp=0.434762851534
ZetaOverlap=3.10682553772,2.52324264828
U=-3.66389494188,-2.9013524033
Beta=-1.04562130226,-1.09649025982
DDN=0,1,0.498807485155
DDN=1,1,0.485120265195
CoreKO=0.881934741144
KON=0,0,0,0.882109933769
KON=1,0,1,0.502060538765
KON=0,1,1,0.882697698529
KON=2,1,1,0.551791167043
EISol=-11.8535879431
EHeat=0.0948810493255
Alpha=2.35673094735
DipHyp=0.997307984037
GCore=0.0195087707356,1.39025470267,1.60191189992
GCore=0.00586714055919,1.96021813952,2.73062811092
****
