%chk=CO2_AM1_SRP_FDH_water.chk
%Mem=1000MB
%NProcShared=4
#P AM1=(Input,Print) opt

CO2 optimization AM1 in water
                
0 1
 C                  0.00000000    0.00000000    0.00000000
 O                  0.00000000    0.00000000    1.15575300
 O                  0.00000000    0.00000000   -1.15575300

 Method=8 CoreType=1 PeptideFC=0.0114505045 RIJScale=0.5291772086
****
C
PQN=2,2
NValence=4
F0ss=0.448759776475
F0sp=0.421692608384
F0pp=0.376638963809
F2pp=0.189835573177
G1sp=0.265638677161
ZetaOverlap=1.80940255905,1.68456398071
U=-1.91109590169,-1.45553937421
Beta=-0.578611794961,-0.283481310469
DDN=0,1,0.8233420426
DDN=1,1,0.727078844855
CoreKO=1.11346957539
KON=0,0,0,1.11436257245
KON=1,0,1,0.825523924069
KON=0,1,1,1.11465726429
KON=2,1,1,0.778472043749
EISol=-4.43710905221
EHeat=0.272264598179
Alpha=1.40103767416
DipHyp=1.64659902211
GCore=0.000788060859652,1.39986612771,3.06398163382
GCore=0.00319062598791,1.40004420958,3.49662281638
GCore=-0.00139342757832,1.39873654414,3.87076789601
GCore=-8.74649955614e-05,1.40027801134,5.00612862113
****
O
PQN=2,2
NValence=6
F0ss=0.566714142721
F0sp=0.532209725796
F0pp=0.495926824766
F2pp=0.235852947955
G1sp=0.434318112278
ZetaOverlap=3.10849863982,2.52362232212
U=-3.66353122481,-2.9018928943
Beta=-1.04634935347,-1.09650651623
DDN=0,1,0.498820254525
DDN=1,1,0.485246823664
CoreKO=0.882555329415
KON=0,0,0,0.882674514252
KON=1,0,1,0.501589242706
KON=0,1,1,0.881990924005
KON=2,1,1,0.551567550343
EISol=-11.8467596577
EHeat=0.094951671912
Alpha=2.35565642405
DipHyp=0.997990488147
GCore=0.0195067083722,1.38990453707,1.60199209712
GCore=0.00586794797182,1.96061130882,2.72969707763
****
