%chk=CO2_AM1_SRP_FDH_water.chk
%Mem=1000MB
%NProcShared=4
#P AM1=(Input,Print) opt

CO2 optimization AM1 in water
                
0 1
 C                  0.00000000    0.00000000    0.00000000
 O                  0.00000000    0.00000000    1.15575300
 O                  0.00000000    0.00000000   -1.15575300

 Method=8 CoreType=1 PeptideFC=0.0114505045 RIJScale=0.5291772086
****
C
PQN=2,2
NValence=4
F0ss=0.448774235907
F0sp=0.421690539256
F0pp=0.376938344395
F2pp=0.189863648383
G1sp=0.265438912485
ZetaOverlap=1.80862685732,1.6849430768
U=-1.91227874756,-1.45566987023
Beta=-0.578191916797,-0.283537668628
DDN=0,1,0.823631623821
DDN=1,1,0.726494357783
CoreKO=1.11389275165
KON=0,0,0,1.11436257245
KON=1,0,1,0.825523924069
KON=0,1,1,1.11424795548
KON=2,1,1,0.778803688827
EISol=-4.43794879153
EHeat=0.272316916585
Alpha=1.40096504612
DipHyp=1.64713459386
GCore=0.00078866612261,1.40040033331,3.06184578673
GCore=0.00318991828682,1.39969281177,3.49637850744
GCore=-0.00139358094709,1.39953030856,3.87560628648
GCore=-8.7542136213e-05,1.40056588342,5.00809489198
****
O
PQN=2,2
NValence=6
F0ss=0.566752428923
F0sp=0.532325549498
F0pp=0.495753225954
F2pp=0.235837293689
G1sp=0.434401582863
ZetaOverlap=3.10777438645,2.52416444123
U=-3.66453416324,-2.89970627659
Beta=-1.04600034241,-1.09648279758
DDN=0,1,0.498744467218
DDN=1,1,0.485333479084
CoreKO=0.881872889629
KON=0,0,0,0.882174861326
KON=1,0,1,0.501813455565
KON=0,1,1,0.88208514806
KON=2,1,1,0.551440687929
EISol=-11.857902065
EHeat=0.0949488179296
Alpha=2.3576419297
DipHyp=0.997329427091
GCore=0.0195061142421,1.38985160713,1.6028937095
GCore=0.00586942026293,1.96073923276,2.73102575046
****
