%chk=CO2_AM1_SRP_FDH_water.chk
%Mem=1000MB
%NProcShared=4
#P AM1=(Input,Print) opt

CO2 optimization AM1 in water
                
0 1
 C                  0.00000000    0.00000000    0.00000000
 O                  0.00000000    0.00000000    1.15575300
 O                  0.00000000    0.00000000   -1.15575300

 Method=8 CoreType=1 PeptideFC=0.0114505045 RIJScale=0.5291772086
****
C
PQN=2,2
NValence=4
F0ss=0.44861132288
F0sp=0.421465882093
F0pp=0.376975025014
F2pp=0.189776952596
G1sp=0.265458907709
ZetaOverlap=1.80940255905,1.68456398071
U=-1.91162633026,-1.45535123586
Beta=-0.578572465762,-0.283601501989
DDN=0,1,0.823855837087
DDN=1,1,0.726503747993
CoreKO=1.11381886017
KON=0,0,0,1.11429490791
KON=1,0,1,0.824866328022
KON=0,1,1,1.11458908343
KON=2,1,1,0.778063941824
EISol=-4.43550820779
EHeat=0.272428875272
Alpha=1.40194384713
DipHyp=1.64659902211
GCore=0.000788297496293,1.40006186238,3.05982979578
GCore=0.00318693015053,1.39973156679,3.49451761384
GCore=-0.00139246625503,1.39982323316,3.8757747477
GCore=-8.74806859196e-05,1.40002304766,5.00962172939
****
O
PQN=2,2
NValence=6
F0ss=0.566716121564
F0sp=0.531889439648
F0pp=0.496180995404
F2pp=0.235840916633
G1sp=0.434879419681
ZetaOverlap=3.10775507713,2.52453056332
U=-3.66388722335,-2.90175663471
Beta=-1.04617588639,-1.09694657726
DDN=0,1,0.498983189325
DDN=1,1,0.485471635878
CoreKO=0.882452997114
KON=0,0,0,0.882516143335
KON=1,0,1,0.501874250463
KON=0,1,1,0.882232178703
KON=2,1,1,0.551509451721
EISol=-11.8454898678
EHeat=0.0949384317208
Alpha=2.3570110894
DipHyp=0.997634906454
GCore=0.0195148755655,1.39023207657,1.60158422942
GCore=0.00586964674468,1.96032854335,2.73309517968
****
