%chk=CO2_AM1_SRP_FDH_water.chk
%Mem=1000MB
%NProcShared=4
#P AM1=(Input,Print) opt

CO2 optimization AM1 in water
                
0 1
 C                  0.00000000    0.00000000    0.00000000
 O                  0.00000000    0.00000000    1.15575300
 O                  0.00000000    0.00000000   -1.15575300

 Method=8 CoreType=1 PeptideFC=0.0114505045 RIJScale=0.5291772086
****
C
PQN=2,2
NValence=4
F0ss=0.448694337682
F0sp=0.421420584484
F0pp=0.376803813906
F2pp=0.189911840195
G1sp=0.265662121893
ZetaOverlap=1.80851045508,1.68579051856
U=-1.91261680862,-1.45503653328
Beta=-0.578520768678,-0.28361322123
DDN=0,1,0.823412330845
DDN=1,1,0.726593019773
CoreKO=1.11457422284
KON=0,0,0,1.11458208986
KON=1,0,1,0.825427981776
KON=0,1,1,1.11511694533
KON=2,1,1,0.777889575452
EISol=-4.4376995672
EHeat=0.272432107968
Alpha=1.40174113287
DipHyp=1.64732009074
GCore=0.000788732029075,1.39980472953,3.06182215896
GCore=0.00318784359951,1.40005808023,3.49553517551
GCore=-0.00139352672484,1.3997362342,3.87266748982
GCore=-8.74734674977e-05,1.40097555226,5.010040983
****
O
PQN=2,2
NValence=6
F0ss=0.566283944631
F0sp=0.53206724281
F0pp=0.495650947857
F2pp=0.235696856915
G1sp=0.434485721984
ZetaOverlap=3.10860902678,2.5249701761
U=-3.66357187309,-2.8994406059
Beta=-1.04626775006,-1.09662327264
DDN=0,1,0.498882503015
DDN=1,1,0.485002146363
CoreKO=0.882866077316
KON=0,0,0,0.882327006815
KON=1,0,1,0.501740506334
KON=0,1,1,0.882337180457
KON=2,1,1,0.551408098974
EISol=-11.8551303551
EHeat=0.0949558461854
Alpha=2.3578331355
DipHyp=0.99707442926
GCore=0.0195096900598,1.3903556309,1.60248619358
GCore=0.00586692571086,1.96110340387,2.73204495356
****
