%chk=CO2_AM1_SRP_FDH_water.chk
%Mem=1000MB
%NProcShared=4
#P AM1=(Input,Print) opt

CO2 optimization AM1 in water
                
0 1
 C                  0.00000000    0.00000000    0.00000000
 O                  0.00000000    0.00000000    1.15575300
 O                  0.00000000    0.00000000   -1.15575300

 Method=8 CoreType=1 PeptideFC=0.0114505045 RIJScale=0.5291772086
****
C
PQN=2,2
NValence=4
F0ss=0.448645539736
F0sp=0.421537719522
F0pp=0.376980885695
F2pp=0.190005986168
G1sp=0.265538629336
ZetaOverlap=1.80808011496,1.68406714228
U=-1.91168304248,-1.4558724506
Beta=-0.577983624405,-0.283652591762
DDN=0,1,0.823821601837
DDN=1,1,0.726672999844
CoreKO=1.11377364978
KON=0,0,0,1.11413136668
KON=1,0,1,0.82483744016
KON=0,1,1,1.11411868042
KON=2,1,1,0.778589646367
EISol=-4.438237283
EHeat=0.272393764325
Alpha=1.40199115378
DipHyp=1.64667488689
GCore=0.000788514009006,1.39945884299,3.06145927312
GCore=0.00318887086176,1.40039106267,3.4940543607
GCore=-0.00139311841438,1.40068889426,3.87156526825
GCore=-8.74521658608e-05,1.40081057629,5.00604729892
****
O
PQN=2,2
NValence=6
F0ss=0.566755809784
F0sp=0.532239832315
F0pp=0.495866452619
F2pp=0.23585404195
G1sp=0.434515248086
ZetaOverlap=3.10929469767,2.52358040943
U=-3.6648792331,-2.901718665
Beta=-1.04653415755,-1.09649206731
DDN=0,1,0.499145742922
DDN=1,1,0.485268427646
CoreKO=0.882695155887
KON=0,0,0,0.881883018068
KON=1,0,1,0.501962584097
KON=0,1,1,0.882559087831
KON=2,1,1,0.551650287571
EISol=-11.8519040119
EHeat=0.0948924537466
Alpha=2.3568062775
DipHyp=0.998073598738
GCore=0.0195198844098,1.39052858565,1.60302939353
GCore=0.00586640840574,1.96014517289,2.7317296946
****
