%chk=CO2_AM1_SRP_FDH_water.chk
%Mem=1000MB
%NProcShared=4
#P AM1=(Input,Print) opt

CO2 optimization AM1 in water
                
0 1
 C                  0.00000000    0.00000000    0.00000000
 O                  0.00000000    0.00000000    1.15575300
 O                  0.00000000    0.00000000   -1.15575300

 Method=8 CoreType=1 PeptideFC=0.0114505045 RIJScale=0.5291772086
****
C
PQN=2,2
NValence=4
F0ss=0.448538378235
F0sp=0.421378587633
F0pp=0.376630780527
F2pp=0.189892558797
G1sp=0.265543103308
ZetaOverlap=1.80879349716,1.68498547607
U=-1.91245012194,-1.45583001148
Beta=-0.578276196329,-0.283655516715
DDN=0,1,0.823812679292
DDN=1,1,0.726524178025
CoreKO=1.11388575886
KON=0,0,0,1.1143230237
KON=1,0,1,0.825046706538
KON=0,1,1,1.11388494585
KON=2,1,1,0.778598428919
EISol=-4.43694285939
EHeat=0.272452418032
Alpha=1.40135547657
DipHyp=1.64760018992
GCore=0.000788429856974,1.40019503772,3.06153879138
GCore=0.00319043785858,1.40014763593,3.49582862676
GCore=-0.00139284055351,1.40041117477,3.87522335166
GCore=-8.75225654694e-05,1.39933500371,5.00645450682
****
O
PQN=2,2
NValence=6
F0ss=0.566940939477
F0sp=0.531885545945
F0pp=0.495684652884
F2pp=0.235808549963
G1sp=0.434469891024
ZetaOverlap=3.10687108954,2.52345355017
U=-3.66574750463,-2.89905523361
Beta=-1.04622492912,-1.09675031363
DDN=0,1,0.498766824439
DDN=1,1,0.485284422792
CoreKO=0.882121185716
KON=0,0,0,0.882592487847
KON=1,0,1,0.502065706737
KON=0,1,1,0.882547419855
KON=2,1,1,0.551486576122
EISol=-11.8553209562
EHeat=0.0948790695406
Alpha=2.35761536891
DipHyp=0.997566805309
GCore=0.0195103692629,1.39011679915,1.60162524612
GCore=0.00586505333056,1.96059932667,2.73045176803
****
