%chk=CO2_AM1_SRP_FDH_water.chk
%Mem=1000MB
%NProcShared=4
#P AM1=(Input,Print) opt

CO2 optimization AM1 in water
                
0 1
 C                  0.00000000    0.00000000    0.00000000
 O                  0.00000000    0.00000000    1.15575300
 O                  0.00000000    0.00000000   -1.15575300

 Method=8 CoreType=1 PeptideFC=0.0114505045 RIJScale=0.5291772086
****
C
PQN=2,2
NValence=4
F0ss=0.448774629388
F0sp=0.421305143241
F0pp=0.376797280401
F2pp=0.189829039191
G1sp=0.265660748528
ZetaOverlap=1.807849149,1.68484625518
U=-1.91125869552,-1.45558613027
Beta=-0.578113273723,-0.283702227403
DDN=0,1,0.823550956138
DDN=1,1,0.726958474252
CoreKO=1.11444377111
KON=0,0,0,1.11432409529
KON=1,0,1,0.82485462945
KON=0,1,1,1.11427996769
KON=2,1,1,0.778460965577
EISol=-4.43651197745
EHeat=0.272418651836
Alpha=1.40186068628
DipHyp=1.64786144448
GCore=0.000788767415658,1.40013409645,3.06046300868
GCore=0.00318845012512,1.39993097461,3.49765022216
GCore=-0.0013929051854,1.40065127419,3.87390383213
GCore=-8.74868154385e-05,1.39974098354,5.00565736889
****
O
PQN=2,2
NValence=6
F0ss=0.566799622482
F0sp=0.53224231276
F0pp=0.49586450757
F2pp=0.235857855436
G1sp=0.434590520353
ZetaOverlap=3.10852562085,2.5233756092
U=-3.66488549768,-2.90153856195
Beta=-1.04680779064,-1.09660203967
DDN=0,1,0.499124471747
DDN=1,1,0.485028784212
CoreKO=0.882066929039
KON=0,0,0,0.881864857473
KON=1,0,1,0.501799099426
KON=0,1,1,0.882020584635
KON=2,1,1,0.551295886568
EISol=-11.8490145799
EHeat=0.094873993084
Alpha=2.35607793154
DipHyp=0.997852013892
GCore=0.019516832597,1.39005969661,1.60224958606
GCore=0.00586906590076,1.96077368864,2.73089543049
****
