%chk=CO2_AM1_SRP_FDH_water.chk
%Mem=1000MB
%NProcShared=4
#P AM1=(Input,Print) opt

CO2 optimization AM1 in water
                
0 1
 C                  0.00000000    0.00000000    0.00000000
 O                  0.00000000    0.00000000    1.15575300
 O                  0.00000000    0.00000000   -1.15575300

 Method=8 CoreType=1 PeptideFC=0.0114505045 RIJScale=0.5291772086
****
C
PQN=2,2
NValence=4
F0ss=0.44881104471
F0sp=0.421318897354
F0pp=0.376934811657
F2pp=0.189871301453
G1sp=0.265395434425
ZetaOverlap=1.80976401599,1.68592213087
U=-1.91315029831,-1.45530602346
Beta=-0.578534474093,-0.283785902795
DDN=0,1,0.823515776443
DDN=1,1,0.726347696407
CoreKO=1.11419978975
KON=0,0,0,1.11391180714
KON=1,0,1,0.82528981234
KON=0,1,1,1.11424795548
KON=2,1,1,0.778700069792
EISol=-4.43927076935
EHeat=0.272316916585
Alpha=1.40084770822
DipHyp=1.64774366225
GCore=0.00078866612261,1.40040033331,3.06184578673
GCore=0.00318782039357,1.39946478664,3.49555866127
GCore=-0.00139279093898,1.40083273341,3.87181383561
GCore=-8.75028257863e-05,1.40025225551,5.00809489198
****
O
PQN=2,2
NValence=6
F0ss=0.567022404603
F0sp=0.532336525135
F0pp=0.496050329879
F2pp=0.235844106618
G1sp=0.434703521477
ZetaOverlap=3.10949456553,2.52466036811
U=-3.66302827365,-2.90061478755
Beta=-1.04671437217,-1.09633034867
DDN=0,1,0.499053195326
DDN=1,1,0.485091354466
CoreKO=0.882533113583
KON=0,0,0,0.882606118471
KON=1,0,1,0.501583116966
KON=0,1,1,0.882211697937
KON=2,1,1,0.551594418182
EISol=-11.8452160134
EHeat=0.0949135024665
Alpha=2.35695353434
DipHyp=0.997678498307
GCore=0.0195073632012,1.39064838987,1.6023381958
GCore=0.0058681286727,1.95940556103,2.73075533433
****
