%chk=CO2_AM1_SRP_FDH_water.chk
%Mem=1000MB
%NProcShared=4
#P AM1=(Input,Print) opt

CO2 optimization AM1 in water
                
0 1
 C                  0.00000000    0.00000000    0.00000000
 O                  0.00000000    0.00000000    1.15575300
 O                  0.00000000    0.00000000   -1.15575300

 Method=8 CoreType=1 PeptideFC=0.0114505045 RIJScale=0.5291772086
****
C
PQN=2,2
NValence=4
F0ss=0.448881013746
F0sp=0.421539555011
F0pp=0.37655862224
F2pp=0.189785010154
G1sp=0.265458817797
ZetaOverlap=1.80828064555,1.68396949519
U=-1.91095270719,-1.45556623277
Beta=-0.578799847031,-0.283446928208
DDN=0,1,0.824304374864
DDN=1,1,0.726891223092
CoreKO=1.11386413698
KON=0,0,0,1.11450330043
KON=1,0,1,0.825441070214
KON=0,1,1,1.11478442761
KON=2,1,1,0.778344099869
EISol=-4.44042437078
EHeat=0.272287044136
Alpha=1.40102452878
DipHyp=1.6467642938
GCore=0.000788931416465,1.40083581081,3.06209023215
GCore=0.00318879635589,1.40026678748,3.49504528385
GCore=-0.00139272293498,1.40021355624,3.87448169709
GCore=-8.74784945832e-05,1.399410787,5.01183810138
****
O
PQN=2,2
NValence=6
F0ss=0.566673479516
F0sp=0.531906023158
F0pp=0.49585323278
F2pp=0.235756668337
G1sp=0.434529769922
ZetaOverlap=3.1073256454,2.52371373621
U=-3.66438884696,-2.90079852466
Beta=-1.04695464011,-1.09685615055
DDN=0,1,0.498688368683
DDN=1,1,0.48502363734
CoreKO=0.882464673721
KON=0,0,0,0.88211069631
KON=1,0,1,0.502114630677
KON=0,1,1,0.88242451547
KON=2,1,1,0.551690343741
EISol=-11.853223517
EHeat=0.0948892626415
Alpha=2.35686915595
DipHyp=0.998178748704
GCore=0.0195081708181,1.3896908594,1.60214618289
GCore=0.00586378451757,1.96066402237,2.73077291596
****
