%chk=CO2_AM1_SRP_FDH_water.chk
%Mem=1000MB
%NProcShared=4
#P AM1=(Input,Print) opt

CO2 optimization AM1 in water
                
0 1
 C                  0.00000000    0.00000000    0.00000000
 O                  0.00000000    0.00000000    1.15575300
 O                  0.00000000    0.00000000   -1.15575300

 Method=8 CoreType=1 PeptideFC=0.0114505045 RIJScale=0.5291772086
****
C
PQN=2,2
NValence=4
F0ss=0.448681114979
F0sp=0.421375644658
F0pp=0.376694318595
F2pp=0.189872445315
G1sp=0.265657854841
ZetaOverlap=1.80843440816,1.68521301146
U=-1.91267526922,-1.45519821752
Beta=-0.578464421677,-0.283661667264
DDN=0,1,0.823758742605
DDN=1,1,0.727080194493
CoreKO=1.11364661173
KON=0,0,0,1.11474623869
KON=1,0,1,0.82505945122
KON=0,1,1,1.11400394991
KON=2,1,1,0.778630015067
EISol=-4.43929887265
EHeat=0.272255548223
Alpha=1.40182695323
DipHyp=1.64680682515
GCore=0.000788242536158,1.40024457671,3.06139429623
GCore=0.00318772995345,1.39992097293,3.49623446365
GCore=-0.00139352429515,1.40036987807,3.87402229515
GCore=-8.74854366683e-05,1.40037769458,5.00576976236
****
O
PQN=2,2
NValence=6
F0ss=0.566957669853
F0sp=0.532059057346
F0pp=0.495683509367
F2pp=0.235803374472
G1sp=0.434789434135
ZetaOverlap=3.10645650823,2.52278886477
U=-3.66571604878,-2.89914764016
Beta=-1.04618815038,-1.09656555412
DDN=0,1,0.498691866425
DDN=1,1,0.485082482704
CoreKO=0.882511711259
KON=0,0,0,0.881927520717
KON=1,0,1,0.501622793446
KON=0,1,1,0.882349129681
KON=2,1,1,0.551451218726
EISol=-11.8497122949
EHeat=0.0948902186156
Alpha=2.35708612008
DipHyp=0.998192644792
GCore=0.0195059325618,1.38965991664,1.60247222583
GCore=0.00586558142831,1.95936875016,2.73079228469
****
