%chk=CO2_AM1_SRP_FDH_water.chk
%Mem=1000MB
%NProcShared=4
#P AM1=(Input,Print) opt

CO2 optimization AM1 in water
                
0 1
 C                  0.00000000    0.00000000    0.00000000
 O                  0.00000000    0.00000000    1.15575300
 O                  0.00000000    0.00000000   -1.15575300

 Method=8 CoreType=1 PeptideFC=0.0114505045 RIJScale=0.5291772086
****
C
PQN=2,2
NValence=4
F0ss=0.44861132288
F0sp=0.421465882093
F0pp=0.376975025014
F2pp=0.189776952596
G1sp=0.265458907709
ZetaOverlap=1.80940255905,1.68456398071
U=-1.91268498562,-1.45580501978
Beta=-0.578211297272,-0.283606741388
DDN=0,1,0.82364682167
DDN=1,1,0.726754516
CoreKO=1.11446747735
KON=0,0,0,1.11384284207
KON=1,0,1,0.825200428165
KON=0,1,1,1.11458908343
KON=2,1,1,0.778718239905
EISol=-4.43867490596
EHeat=0.272428875272
Alpha=1.40194384713
DipHyp=1.64659902211
GCore=0.000788297496293,1.40006186238,3.05982979578
GCore=0.00318693015053,1.39946478664,3.49451761384
GCore=-0.00139246625503,1.39982323316,3.8757747477
GCore=-8.74806859196e-05,1.40002304766,5.00962172939
****
O
PQN=2,2
NValence=6
F0ss=0.566494205117
F0sp=0.531706635089
F0pp=0.495663371623
F2pp=0.235816287319
G1sp=0.434688880869
ZetaOverlap=3.10662677604,2.52353954683
U=-3.66611188327,-2.90070074454
Beta=-1.04615494821,-1.09679183811
DDN=0,1,0.498721596295
DDN=1,1,0.485325589684
CoreKO=0.882272660648
KON=0,0,0,0.882128650188
KON=1,0,1,0.501662483661
KON=0,1,1,0.881810831239
KON=2,1,1,0.55123677038
EISol=-11.8467897043
EHeat=0.0949559063554
Alpha=2.35806950407
DipHyp=0.997195286905
GCore=0.0194990793181,1.39077627062,1.60197870328
GCore=0.00587017441608,1.96105016039,2.73018315886
****
