%chk=CO2_AM1_SRP_FDH_water.chk
%Mem=1000MB
%NProcShared=4
#P AM1=(Input,Print) opt

CO2 optimization AM1 in water
                
0 1
 C                  0.00000000    0.00000000    0.00000000
 O                  0.00000000    0.00000000    1.15575300
 O                  0.00000000    0.00000000   -1.15575300

 Method=8 CoreType=1 PeptideFC=0.0114505045 RIJScale=0.5291772086
****
C
PQN=2,2
NValence=4
F0ss=0.44861132288
F0sp=0.421465882093
F0pp=0.376975025014
F2pp=0.189776952596
G1sp=0.265458907709
ZetaOverlap=1.80940255905,1.68456398071
U=-1.91268498562,-1.45580501978
Beta=-0.578211297272,-0.283606741388
DDN=0,1,0.82364682167
DDN=1,1,0.726754516
CoreKO=1.11446747735
KON=0,0,0,1.11429490791
KON=1,0,1,0.825200428165
KON=0,1,1,1.11458908343
KON=2,1,1,0.778144781883
EISol=-4.43390810746
EHeat=0.272264583616
Alpha=1.4012985902
DipHyp=1.64660863819
GCore=0.000788297496293,1.40006186238,3.05982979578
GCore=0.00318782039357,1.39946478664,3.49555866127
GCore=-0.00139246625503,1.39993045498,3.8757747477
GCore=-8.75206576962e-05,1.40002304766,5.00962172939
****
O
PQN=2,2
NValence=6
F0ss=0.567049164491
F0sp=0.532126679493
F0pp=0.495934207721
F2pp=0.235736436623
G1sp=0.434690362774
ZetaOverlap=3.10669649451,2.52482070956
U=-3.66394774837,-2.89923550394
Beta=-1.04657410334,-1.09639726787
DDN=0,1,0.499012604102
DDN=1,1,0.485100184977
CoreKO=0.882181164518
KON=0,0,0,0.882440607747
KON=1,0,1,0.501681390327
KON=0,1,1,0.882116098099
KON=2,1,1,0.551591796907
EISol=-11.8540502613
EHeat=0.0949253019887
Alpha=2.35647140208
DipHyp=0.997202979522
GCore=0.0195107529046,1.39085432067,1.60186847515
GCore=0.00586539658685,1.96106073784,2.73144439764
****
