%chk=CO2_AM1_SRP_FDH_water.chk
%Mem=1000MB
%NProcShared=4
#P AM1=(Input,Print) opt

CO2 optimization AM1 in water
                
0 1
 C                  0.00000000    0.00000000    0.00000000
 O                  0.00000000    0.00000000    1.15575300
 O                  0.00000000    0.00000000   -1.15575300

 Method=8 CoreType=1 PeptideFC=0.0114505045 RIJScale=0.5291772086
****
C
PQN=2,2
NValence=4
F0ss=0.44858480042
F0sp=0.421709691348
F0pp=0.376479434323
F2pp=0.189805393783
G1sp=0.265498142216
ZetaOverlap=1.80857271461,1.68542218501
U=-1.91223610587,-1.45569855314
Beta=-0.578571073143,-0.283456181494
DDN=0,1,0.82411935824
DDN=1,1,0.726370838508
CoreKO=1.11342658043
KON=0,0,0,1.11386638209
KON=1,0,1,0.824950797118
KON=0,1,1,1.11444944537
KON=2,1,1,0.778074405615
EISol=-4.43714666536
EHeat=0.272514359675
Alpha=1.40132645894
DipHyp=1.64783004386
GCore=0.000788418683572,1.39986698432,3.06231462835
GCore=0.00318679853465,1.40064862072,3.4969325512
GCore=-0.00139313448546,1.40000906144,3.87193138338
GCore=-8.74687713346e-05,1.3995616492,5.00835783968
****
O
PQN=2,2
NValence=6
F0ss=0.566758333248
F0sp=0.531953504816
F0pp=0.496077047828
F2pp=0.235858534735
G1sp=0.43474826279
ZetaOverlap=3.10645490553,2.52462249071
U=-3.66312272747,-2.90174915793
Beta=-1.04655541798,-1.09723629859
DDN=0,1,0.498973370523
DDN=1,1,0.485346576252
CoreKO=0.882172536408
KON=0,0,0,0.881977482496
KON=1,0,1,0.501599561269
KON=0,1,1,0.882469803391
KON=2,1,1,0.551723877772
EISol=-11.8524381236
EHeat=0.094884588576
Alpha=2.35682827258
DipHyp=0.997248619649
GCore=0.0195137882887,1.39005884647,1.60292379597
GCore=0.00586445408942,1.95946621411,2.73098560021
****
