%chk=CO2_AM1_SRP_FDH_water.chk
%Mem=1000MB
%NProcShared=4
#P AM1=(Input,Print) opt

CO2 optimization AM1 in water
                
0 1
 C                  0.00000000    0.00000000    0.00000000
 O                  0.00000000    0.00000000    1.15575300
 O                  0.00000000    0.00000000   -1.15575300

 Method=8 CoreType=1 PeptideFC=0.0114505045 RIJScale=0.5291772086
****
C
PQN=2,2
NValence=4
F0ss=0.448774235907
F0sp=0.42168818543
F0pp=0.376938344395
F2pp=0.189863648383
G1sp=0.265416155321
ZetaOverlap=1.80848975615,1.68495603662
U=-1.91268498562,-1.45580501978
Beta=-0.578211297272,-0.283606741388
DDN=0,1,0.823569864354
DDN=1,1,0.726754516
CoreKO=1.11446747735
KON=0,0,0,1.11429490791
KON=1,0,1,0.824866328022
KON=0,1,1,1.11458908343
KON=2,1,1,0.778063941824
EISol=-4.43550820779
EHeat=0.272264583616
Alpha=1.4012985902
DipHyp=1.64660863819
GCore=0.000788737409722,1.3997292682,3.06050752615
GCore=0.00318913989953,1.40005606743,3.49470030819
GCore=-0.00139241696099,1.40040734796,3.87220468642
GCore=-8.74925730295e-05,1.40030923644,5.01012400676
****
O
PQN=2,2
NValence=6
F0ss=0.566716121564
F0sp=0.531889439648
F0pp=0.496180995404
F2pp=0.235745954311
G1sp=0.434879419681
ZetaOverlap=3.10775507713,2.52453056332
U=-3.66388722335,-2.90175663471
Beta=-1.04617588639,-1.09694657726
DDN=0,1,0.498983189325
DDN=1,1,0.485471635878
CoreKO=0.882452997114
KON=0,0,0,0.882516143335
KON=1,0,1,0.501874250463
KON=0,1,1,0.882232178703
KON=2,1,1,0.551710366155
EISol=-11.8454898678
EHeat=0.0949384317208
Alpha=2.3570110894
DipHyp=0.997634906454
GCore=0.019514603234,1.39023207657,1.60236038869
GCore=0.00586981648898,1.96032854335,2.73309517968
****
