%chk=CO2_AM1_SRP_FDH_water.chk
%Mem=1000MB
%NProcShared=4
#P AM1=(Input,Print) opt

CO2 optimization AM1 in water
                
0 1
 C                  0.00000000    0.00000000    0.00000000
 O                  0.00000000    0.00000000    1.15575300
 O                  0.00000000    0.00000000   -1.15575300

 Method=8 CoreType=1 PeptideFC=0.0114505045 RIJScale=0.5291772086
****
C
PQN=2,2
NValence=4
F0ss=0.44861132288
F0sp=0.421465882093
F0pp=0.376975025014
F2pp=0.189776952596
G1sp=0.265458907709
ZetaOverlap=1.80940255905,1.68456398071
U=-1.91268498562,-1.45580501978
Beta=-0.578211297272,-0.283606741388
DDN=0,1,0.823569864354
DDN=1,1,0.72669306933
CoreKO=1.11421542513
KON=0,0,0,1.11419884207
KON=1,0,1,0.825523924069
KON=0,1,1,1.11465726429
KON=2,1,1,0.778063941824
EISol=-4.43550820779
EHeat=0.272264583616
Alpha=1.4012985902
DipHyp=1.64660863819
GCore=0.000788737409722,1.3997292682,3.06050752615
GCore=0.00318913989953,1.40005606743,3.49470030819
GCore=-0.00139246625503,1.39993045498,3.8757747477
GCore=-8.75206576962e-05,1.40002304766,5.00962172939
****
O
PQN=2,2
NValence=6
F0ss=0.566499840431
F0sp=0.532087654446
F0pp=0.496050329879
F2pp=0.235844106618
G1sp=0.434416583449
ZetaOverlap=3.10914009804,2.52466036811
U=-3.66454515386,-2.90061478755
Beta=-1.04620240474,-1.09633034867
DDN=0,1,0.498821983966
DDN=1,1,0.485177913287
CoreKO=0.882533113583
KON=0,0,0,0.88290257179
KON=1,0,1,0.501688545125
KON=0,1,1,0.882039134055
KON=2,1,1,0.551895435671
EISol=-11.8507673067
EHeat=0.0949268960409
Alpha=2.35723506753
DipHyp=0.997712008004
GCore=0.0195155387839,1.39064838987,1.60246531764
GCore=0.00586872588579,1.95940556103,2.73050915255
****
