%chk=CO2_AM1_SRP_FDH_water.chk
%Mem=1000MB
%NProcShared=4
#P AM1=(Input,Print) opt

CO2 optimization AM1 in water
                
0 1
 C                  0.00000000    0.00000000    0.00000000
 O                  0.00000000    0.00000000    1.15575300
 O                  0.00000000    0.00000000   -1.15575300

 Method=8 CoreType=1 PeptideFC=0.0114505045 RIJScale=0.5291772086
****
C
PQN=2,2
NValence=4
F0ss=0.44881104471
F0sp=0.421409503061
F0pp=0.376809395636
F2pp=0.189863698534
G1sp=0.265564845828
ZetaOverlap=1.80848975615,1.68495603662
U=-1.91268498562,-1.45580501978
Beta=-0.578211297272,-0.283606741388
DDN=0,1,0.823515776443
DDN=1,1,0.726494357783
CoreKO=1.11446747735
KON=0,0,0,1.11429490791
KON=1,0,1,0.824866328022
KON=0,1,1,1.11458908343
KON=2,1,1,0.778063941824
EISol=-4.43550820779
EHeat=0.272163430546
Alpha=1.4004897288
DipHyp=1.64713793358
GCore=0.000788374131929,1.3997292682,3.06173324481
GCore=0.00318913989953,1.39973824406,3.49558834327
GCore=-0.00139220876889,1.3998644165,3.87378880903
GCore=-8.7527990238e-05,1.39997390562,5.01179006551
****
O
PQN=2,2
NValence=6
F0ss=0.566579045163
F0sp=0.53206319609
F0pp=0.495933829554
F2pp=0.235786349518
G1sp=0.434961624357
ZetaOverlap=3.10703049467,2.52491988304
U=-3.6631522196,-2.89949842751
Beta=-1.04591754079,-1.09710125303
DDN=0,1,0.498774892735
DDN=1,1,0.485283808338
CoreKO=0.88202841941
KON=0,0,0,0.882406212448
KON=1,0,1,0.502033734045
KON=0,1,1,0.881882620025
KON=2,1,1,0.55134342557
EISol=-11.8570597535
EHeat=0.0949536728409
Alpha=2.35761573455
DipHyp=0.997794120474
GCore=0.0195024514204,1.38992569509,1.60172953678
GCore=0.00586707718225,1.96041194997,2.73184292753
****
