%chk=CO2_AM1_SRP_FDH_water.chk
%Mem=1000MB
%NProcShared=4
#P AM1=(Input,Print) opt

CO2 optimization AM1 in water
                
0 1
 C                  0.00000000    0.00000000    0.00000000
 O                  0.00000000    0.00000000    1.15575300
 O                  0.00000000    0.00000000   -1.15575300

 Method=8 CoreType=1 PeptideFC=0.0114505045 RIJScale=0.5291772086
****
C
PQN=2,2
NValence=4
F0ss=0.448757219928
F0sp=0.421690539256
F0pp=0.376668458075
F2pp=0.189788177944
G1sp=0.265576899064
ZetaOverlap=1.80893660806,1.68432877789
U=-1.91150991787,-1.45589577409
Beta=-0.578063533421,-0.283458549906
DDN=0,1,0.823631623821
DDN=1,1,0.726494357783
CoreKO=1.11421542513
KON=0,0,0,1.11419884207
KON=1,0,1,0.824897257732
KON=0,1,1,1.11365009082
KON=2,1,1,0.778502864448
EISol=-4.4402364984
EHeat=0.272272393657
Alpha=1.40181332418
DipHyp=1.64793834256
GCore=0.000788175100134,1.40037796172,3.06099204211
GCore=0.00318789359276,1.39959343351,3.49473389857
GCore=-0.00139266645094,1.39986493404,3.87273627039
GCore=-8.75271299826e-05,1.39994759104,5.00685642963
****
O
PQN=2,2
NValence=6
F0ss=0.566704271836
F0sp=0.53223057155
F0pp=0.495704599109
F2pp=0.235882134085
G1sp=0.434774516598
ZetaOverlap=3.10705418297,2.52295834317
U=-3.66264964351,-2.90103989407
Beta=-1.0466168931,-1.09630062822
DDN=0,1,0.498857113114
DDN=1,1,0.485281057895
CoreKO=0.882423225149
KON=0,0,0,0.882643254911
KON=1,0,1,0.501917570697
KON=0,1,1,0.882732785211
KON=2,1,1,0.551511072415
EISol=-11.8583556601
EHeat=0.0948793581896
Alpha=2.35722210962
DipHyp=0.997548368903
GCore=0.019499684299,1.39050340214,1.60266883709
GCore=0.00586900181091,1.95972018044,2.73045116619
****
