%chk=CO2_AM1_SRP_FDH_water.chk
%Mem=1000MB
%NProcShared=4
#P AM1=(Input,Print) opt

CO2 optimization AM1 in water
                
0 1
 C                  0.00000000    0.00000000    0.00000000
 O                  0.00000000    0.00000000    1.15575300
 O                  0.00000000    0.00000000   -1.15575300

 Method=8 CoreType=1 PeptideFC=0.0114505045 RIJScale=0.5291772086
****
C
PQN=2,2
NValence=4
F0ss=0.448530847964
F0sp=0.421321305221
F0pp=0.376797280401
F2pp=0.189829039191
G1sp=0.265660748528
ZetaOverlap=1.807849149,1.68484625518
U=-1.91125869552,-1.45558613027
Beta=-0.578113273723,-0.283702227403
DDN=0,1,0.823550956138
DDN=1,1,0.726958474252
CoreKO=1.11444377111
KON=0,0,0,1.11432409529
KON=1,0,1,0.82485462945
KON=0,1,1,1.11427996769
KON=2,1,1,0.778460965577
EISol=-4.43651197745
EHeat=0.272418651836
Alpha=1.40186068628
DipHyp=1.64786144448
GCore=0.000788767415658,1.40013409645,3.06046300868
GCore=0.00318845012512,1.39993097461,3.49765022216
GCore=-0.0013929051854,1.40065127419,3.87390383213
GCore=-8.74868154385e-05,1.39974098354,5.00565736889
****
O
PQN=2,2
NValence=6
F0ss=0.566504346599
F0sp=0.532328770205
F0pp=0.495980316523
F2pp=0.235732299721
G1sp=0.434463906553
ZetaOverlap=3.10900908265,2.52436148729
U=-3.66581606608,-2.9014180865
Beta=-1.04678774909,-1.0964425728
DDN=0,1,0.499018506063
DDN=1,1,0.4854696642
CoreKO=0.882179742155
KON=0,0,0,0.882154258287
KON=1,0,1,0.501857194057
KON=0,1,1,0.881933948882
KON=2,1,1,0.551802573123
EISol=-11.8497795678
EHeat=0.0948735815333
Alpha=2.35609652742
DipHyp=0.997767596244
GCore=0.0195070631009,1.38958233231,1.60167909524
GCore=0.0058651950304,1.95986822845,2.72987047289
****
