%chk=CO2_AM1_SRP_FDH_water.chk
%Mem=1000MB
%NProcShared=4
#P AM1=(Input,Print) opt

CO2 optimization AM1 in water
                
0 1
 C                  0.00000000    0.00000000    0.00000000
 O                  0.00000000    0.00000000    1.15575300
 O                  0.00000000    0.00000000   -1.15575300

 Method=8 CoreType=1 PeptideFC=0.0114505045 RIJScale=0.5291772086
****
C
PQN=2,2
NValence=4
F0ss=0.448759776475
F0sp=0.421692608384
F0pp=0.376638963809
F2pp=0.189892234633
G1sp=0.265638677161
ZetaOverlap=1.8084631039,1.68574576674
U=-1.91109590169,-1.45553937421
Beta=-0.578611794961,-0.283481310469
DDN=0,1,0.8233420426
DDN=1,1,0.727078844855
CoreKO=1.11389275165
KON=0,0,0,1.11436257245
KON=1,0,1,0.825523924069
KON=0,1,1,1.11465726429
KON=2,1,1,0.778472043749
EISol=-4.44009693192
EHeat=0.27229715219
Alpha=1.40172319232
DipHyp=1.64662483876
GCore=0.000788700547249,1.40069365068,3.05971070248
GCore=0.00318769507549,1.40019665155,3.49453046109
GCore=-0.00139320406505,1.39982315179,3.87478918863
GCore=-8.75051858853e-05,1.40027284412,5.00670389609
****
O
PQN=2,2
NValence=6
F0ss=0.567018217737
F0sp=0.532126679493
F0pp=0.495934207721
F2pp=0.235736436623
G1sp=0.434881692694
ZetaOverlap=3.10669649451,2.52443425754
U=-3.66394774837,-2.89883507276
Beta=-1.04657410334,-1.09633370441
DDN=0,1,0.499012604102
DDN=1,1,0.485100184977
CoreKO=0.882181164518
KON=0,0,0,0.882440607747
KON=1,0,1,0.501681390327
KON=0,1,1,0.882226451024
KON=2,1,1,0.551591796907
EISol=-11.8512689856
EHeat=0.0949475362295
Alpha=2.35647140208
DipHyp=0.997389357126
GCore=0.0195107529046,1.39085432067,1.60186847515
GCore=0.00586539658685,1.96106073784,2.73144439764
****
