%chk=CO2_AM1_SRP_FDH_water.chk
%Mem=1000MB
%NProcShared=4
#P AM1=(Input,Print) opt

CO2 optimization AM1 in water
                
0 1
 C                  0.00000000    0.00000000    0.00000000
 O                  0.00000000    0.00000000    1.15575300
 O                  0.00000000    0.00000000   -1.15575300

 Method=8 CoreType=1 PeptideFC=0.0114505045 RIJScale=0.5291772086
****
C
PQN=2,2
NValence=4
F0ss=0.44864779832
F0sp=0.421681960194
F0pp=0.376748830736
F2pp=0.189787985377
G1sp=0.265438912485
ZetaOverlap=1.80862685732,1.6849430768
U=-1.91252869446,-1.45593416662
Beta=-0.578191916797,-0.283537668628
DDN=0,1,0.823877738275
DDN=1,1,0.726540794005
CoreKO=1.11398679786
KON=0,0,0,1.11391180714
KON=1,0,1,0.82528981234
KON=0,1,1,1.1144596707
KON=2,1,1,0.778718239905
EISol=-4.43868025305
EHeat=0.272316916585
Alpha=1.40096504612
DipHyp=1.64713459386
GCore=0.00078866612261,1.40040033331,3.06184578673
GCore=0.00318991828682,1.39969281177,3.49637850744
GCore=-0.00139358094709,1.39953030856,3.87560628648
GCore=-8.7542136213e-05,1.40056588342,5.00809489198
****
O
PQN=2,2
NValence=6
F0ss=0.566552376267
F0sp=0.532333396536
F0pp=0.495654155985
F2pp=0.235809896616
G1sp=0.434477947413
ZetaOverlap=3.10882234746,2.52385515666
U=-3.66372539218,-2.9014573815
Beta=-1.0462416074,-1.09730932877
DDN=0,1,0.499040854196
DDN=1,1,0.485224645615
CoreKO=0.882143346531
KON=0,0,0,0.882646422251
KON=1,0,1,0.50159620509
KON=0,1,1,0.882431646864
KON=2,1,1,0.551492113626
EISol=-11.8528133692
EHeat=0.0949229026933
Alpha=2.3578439701
DipHyp=0.997973113361
GCore=0.0195083845109,1.38981208787,1.60263016343
GCore=0.00586705388292,1.95987351016,2.7304534498
****
