%chk=CO2_AM1_SRP_FDH_water.chk
%Mem=1000MB
%NProcShared=4
#P AM1=(Input,Print) opt

CO2 optimization AM1 in water
                
0 1
 C                  0.00000000    0.00000000    0.00000000
 O                  0.00000000    0.00000000    1.15575300
 O                  0.00000000    0.00000000   -1.15575300

 Method=8 CoreType=1 PeptideFC=0.0114505045 RIJScale=0.5291772086
****
C
PQN=2,2
NValence=4
F0ss=0.44881104471
F0sp=0.421409503061
F0pp=0.376934811657
F2pp=0.189892234633
G1sp=0.265638677161
ZetaOverlap=1.8084631039,1.68574576674
U=-1.91162633026,-1.45535123586
Beta=-0.578063533421,-0.283458549906
DDN=0,1,0.823877738275
DDN=1,1,0.72669306933
CoreKO=1.11389275165
KON=0,0,0,1.11419884207
KON=1,0,1,0.824897257732
KON=0,1,1,1.11465726429
KON=2,1,1,0.779016442058
EISol=-4.44009693192
EHeat=0.272272393657
Alpha=1.40214834746
DipHyp=1.64659902211
GCore=0.000788297496293,1.40006186238,3.05982979578
GCore=0.00318693015053,1.39946478664,3.49555866127
GCore=-0.00139266645094,1.39986493404,3.87273627039
GCore=-8.75271299826e-05,1.39994759104,5.00685642963
****
O
PQN=2,2
NValence=6
F0ss=0.566716121564
F0sp=0.53176961009
F0pp=0.496092533178
F2pp=0.235745954311
G1sp=0.43480597166
ZetaOverlap=3.10765517519,2.52439415472
U=-3.66388722335,-2.90236465215
Beta=-1.0465810877,-1.09685198015
DDN=0,1,0.499146535721
DDN=1,1,0.485647152571
CoreKO=0.88222701347
KON=0,0,0,0.882700440019
KON=1,0,1,0.501874250463
KON=0,1,1,0.882327259357
KON=2,1,1,0.551784117305
EISol=-11.8457837961
EHeat=0.0949384317208
Alpha=2.35593926755
DipHyp=0.997838757502
GCore=0.019520345535,1.39024949441,1.60236038869
GCore=0.00586981648898,1.96032854335,2.73024526003
****
