%chk=CO2_AM1_SRP_FDH_water.chk
%Mem=1000MB
%NProcShared=4
#P AM1=(Input,Print) opt

CO2 optimization AM1 in water
                
0 1
 C                  0.00000000    0.00000000    0.00000000
 O                  0.00000000    0.00000000    1.15575300
 O                  0.00000000    0.00000000   -1.15575300

 Method=8 CoreType=1 PeptideFC=0.0114505045 RIJScale=0.5291772086
****
C
PQN=2,2
NValence=4
F0ss=0.448783817725
F0sp=0.421566667086
F0pp=0.376929777494
F2pp=0.189811325807
G1sp=0.26572723253
ZetaOverlap=1.80764640738,1.68525280303
U=-1.91198527667,-1.45552419355
Beta=-0.578037870288,-0.2836961981
DDN=0,1,0.823884112872
DDN=1,1,0.726753101641
CoreKO=1.11462373651
KON=0,0,0,1.11444603244
KON=1,0,1,0.825006298942
KON=0,1,1,1.11470272114
KON=2,1,1,0.778057800489
EISol=-4.43912527787
EHeat=0.272178251338
Alpha=1.40146482768
DipHyp=1.64730111995
GCore=0.000788298948964,1.39957450019,3.06010401561
GCore=0.00318953361725,1.40049253334,3.49652329312
GCore=-0.00139371536481,1.39981325507,3.8742069302
GCore=-8.75371719682e-05,1.40060681454,5.00754905385
****
O
PQN=2,2
NValence=6
F0ss=0.566793717892
F0sp=0.532172910377
F0pp=0.496066095688
F2pp=0.235719030043
G1sp=0.434503124495
ZetaOverlap=3.10756770399,2.52342112101
U=-3.66451334014,-2.89842061061
Beta=-1.04578674745,-1.09606931501
DDN=0,1,0.498813189399
DDN=1,1,0.485066853464
CoreKO=0.882057533881
KON=0,0,0,0.882166060438
KON=1,0,1,0.501942484573
KON=0,1,1,0.883049337776
KON=2,1,1,0.551477347154
EISol=-11.8574359876
EHeat=0.0948991303801
Alpha=2.35573247712
DipHyp=0.99822254138
GCore=0.0195091279731,1.38963393321,1.60151391873
GCore=0.00586978524939,1.95944567603,2.73244606629
****
