%chk=CO2_AM1_SRP_FDH_water.chk
%Mem=1000MB
%NProcShared=4
#P AM1=(Input,Print) opt

CO2 optimization AM1 in water
                
0 1
 C                  0.00000000    0.00000000    0.00000000
 O                  0.00000000    0.00000000    1.15575300
 O                  0.00000000    0.00000000   -1.15575300

 Method=8 CoreType=1 PeptideFC=0.0114505045 RIJScale=0.5291772086
****
C
PQN=2,2
NValence=4
F0ss=0.448702373368
F0sp=0.421527513497
F0pp=0.376715389646
F2pp=0.189960529873
G1sp=0.265582760583
ZetaOverlap=1.80890413213,1.68512301719
U=-1.91103827769,-1.45508845483
Beta=-0.57805214896,-0.283489778487
DDN=0,1,0.823568420528
DDN=1,1,0.726742524188
CoreKO=1.11386832898
KON=0,0,0,1.11430034268
KON=1,0,1,0.825419643311
KON=0,1,1,1.114349109
KON=2,1,1,0.778101062899
EISol=-4.44034316481
EHeat=0.272198782382
Alpha=1.40078356284
DipHyp=1.64721743374
GCore=0.000788791987287,1.40079257544,3.06087953734
GCore=0.00318866388382,1.40061225164,3.4960848245
GCore=-0.00139278488968,1.39983521631,3.87279803026
GCore=-8.74619580967e-05,1.4001230761,5.00638798263
****
O
PQN=2,2
NValence=6
F0ss=0.566786748766
F0sp=0.532293106693
F0pp=0.496052860893
F2pp=0.23584283593
G1sp=0.434517920976
ZetaOverlap=3.10813344865,2.52426729648
U=-3.66278660253,-2.9010299774
Beta=-1.04600720879,-1.0968665346
DDN=0,1,0.498863375501
DDN=1,1,0.485232302932
CoreKO=0.88207386695
KON=0,0,0,0.882672512365
KON=1,0,1,0.501972560842
KON=0,1,1,0.882147717171
KON=2,1,1,0.551761431917
EISol=-11.8501131315
EHeat=0.0949251431455
Alpha=2.3576930544
DipHyp=0.997762599091
GCore=0.0195061193533,1.39085749629,1.60224753734
GCore=0.00586751253641,1.96096960235,2.73192383758
****
