%chk=CO2_AM1_SRP_FDH_water.chk
%Mem=1000MB
%NProcShared=4
#P AM1=(Input,Print) opt

CO2 optimization AM1 in water
                
0 1
 C                  0.00000000    0.00000000    0.00000000
 O                  0.00000000    0.00000000    1.15575300
 O                  0.00000000    0.00000000   -1.15575300

 Method=8 CoreType=1 PeptideFC=0.0114505045 RIJScale=0.5291772086
****
C
PQN=2,2
NValence=4
F0ss=0.44881104471
F0sp=0.421409503061
F0pp=0.376809395636
F2pp=0.189863698534
G1sp=0.265564845828
ZetaOverlap=1.80848975615,1.68495603662
U=-1.91268498562,-1.45580501978
Beta=-0.578191916797,-0.283447543188
DDN=0,1,0.823877738275
DDN=1,1,0.72669306933
CoreKO=1.11409034226
KON=0,0,0,1.11387959667
KON=1,0,1,0.82528981234
KON=0,1,1,1.11424795548
KON=2,1,1,0.779016442058
EISol=-4.43794879153
EHeat=0.272163430546
Alpha=1.4004897288
DipHyp=1.64713793358
GCore=0.000788374131929,1.3997292682,3.06173324481
GCore=0.00318919642005,1.39973824406,3.49470030819
GCore=-0.00139220876889,1.3998644165,3.87378880903
GCore=-8.7527990238e-05,1.39997390562,5.00991269738
****
O
PQN=2,2
NValence=6
F0ss=0.566752428923
F0sp=0.532325549498
F0pp=0.495753225954
F2pp=0.235837293689
G1sp=0.434401582863
ZetaOverlap=3.10777438645,2.52416444123
U=-3.66453416324,-2.89970627659
Beta=-1.04600034241,-1.09648279758
DDN=0,1,0.498744467218
DDN=1,1,0.485333479084
CoreKO=0.881872889629
KON=0,0,0,0.882174861326
KON=1,0,1,0.501813455565
KON=0,1,1,0.88208514806
KON=2,1,1,0.551440687929
EISol=-11.857902065
EHeat=0.0949488179296
Alpha=2.3576419297
DipHyp=0.997329427091
GCore=0.0195061142421,1.38985160713,1.6028937095
GCore=0.00586942026293,1.96073923276,2.73102575046
****
