%chk=CO2_AM1_SRP_FDH_water.chk
%Mem=1000MB
%NProcShared=4
#P AM1=(Input,Print) opt

CO2 optimization AM1 in water
                
0 1
 C                  0.00000000    0.00000000    0.00000000
 O                  0.00000000    0.00000000    1.15575300
 O                  0.00000000    0.00000000   -1.15575300

 Method=8 CoreType=1 PeptideFC=0.0114505045 RIJScale=0.5291772086
****
C
PQN=2,2
NValence=4
F0ss=0.44896442369
F0sp=0.421612402364
F0pp=0.376938344395
F2pp=0.189863648383
G1sp=0.265438912485
ZetaOverlap=1.80916968305,1.68428982231
U=-1.91252869446,-1.45593416662
Beta=-0.578191916797,-0.283537668628
DDN=0,1,0.824074933408
DDN=1,1,0.726726988785
CoreKO=1.113830519
KON=0,0,0,1.11425225048
KON=1,0,1,0.825333808773
KON=0,1,1,1.11419306658
KON=2,1,1,0.778680374514
EISol=-4.43934635425
EHeat=0.272227637333
Alpha=1.40155991357
DipHyp=1.6476916636
GCore=0.000788930812637,1.40077017988,3.06049113785
GCore=0.00318879339436,1.40011189663,3.49619787335
GCore=-0.00139261995031,1.40053489303,3.87511823658
GCore=-8.74649955614e-05,1.40027801134,5.00612862113
****
O
PQN=2,2
NValence=6
F0ss=0.566851602029
F0sp=0.531889439648
F0pp=0.496092533178
F2pp=0.235745954311
G1sp=0.43480597166
ZetaOverlap=3.10676129539,2.52400958559
U=-3.66388722335,-2.90062515239
Beta=-1.04649321684,-1.09645223775
DDN=0,1,0.498865865374
DDN=1,1,0.485367201714
CoreKO=0.882452997114
KON=0,0,0,0.882516143335
KON=1,0,1,0.501874250463
KON=0,1,1,0.882232178703
KON=2,1,1,0.551725269098
EISol=-11.8467643275
EHeat=0.0949384317208
Alpha=2.3570110894
DipHyp=0.997634906454
GCore=0.0195233981011,1.3903730012,1.60236038869
GCore=0.00586981648898,1.95979611449,2.73120717356
****
