%chk=CO2_AM1_SRP_FDH_water.chk
%Mem=1000MB
%NProcShared=4
#P AM1=(Input,Print) opt

CO2 optimization AM1 in water
                
0 1
 C                  0.00000000    0.00000000    0.00000000
 O                  0.00000000    0.00000000    1.15575300
 O                  0.00000000    0.00000000   -1.15575300

 Method=8 CoreType=1 PeptideFC=0.0114505045 RIJScale=0.5291772086
****
C
PQN=2,2
NValence=4
F0ss=0.448852723092
F0sp=0.421562750466
F0pp=0.377022379061
F2pp=0.189935688157
G1sp=0.265549640218
ZetaOverlap=1.80809727563,1.68553282929
U=-1.91162459428,-1.45615486558
Beta=-0.578554856693,-0.283456181494
DDN=0,1,0.82411935824
DDN=1,1,0.726370838508
CoreKO=1.11287989702
KON=0,0,0,1.11386638209
KON=1,0,1,0.824950797118
KON=0,1,1,1.11444944537
KON=2,1,1,0.778074405615
EISol=-4.43714666536
EHeat=0.272514359675
Alpha=1.40132645894
DipHyp=1.64783004386
GCore=0.000788658404621,1.3993442751,3.06231462835
GCore=0.00318783821176,1.40064862072,3.49808107186
GCore=-0.00139313448546,1.40000906144,3.87193138338
GCore=-8.74687713346e-05,1.3995616492,5.00653109751
****
O
PQN=2,2
NValence=6
F0ss=0.566336102025
F0sp=0.532323981577
F0pp=0.495737079022
F2pp=0.235873057749
G1sp=0.434674691614
ZetaOverlap=3.10731870463,2.52425233543
U=-3.66441818519,-2.90021217594
Beta=-1.04658288918,-1.09645303649
DDN=0,1,0.498895594163
DDN=1,1,0.485291936174
CoreKO=0.882603847407
KON=0,0,0,0.882716843672
KON=1,0,1,0.501619065213
KON=0,1,1,0.882315249171
KON=2,1,1,0.551651723623
EISol=-11.8577785665
EHeat=0.094895852085
Alpha=2.35641987822
DipHyp=0.997274444121
GCore=0.0195071706676,1.3899123653,1.60194524074
GCore=0.00586837091618,1.96082073635,2.72981532797
****
