%chk=CO2_AM1_SRP_FDH_water.chk
%Mem=1000MB
%NProcShared=4
#P AM1=(Input,Print) opt

CO2 optimization AM1 in water
                
0 1
 C                  0.00000000    0.00000000    0.00000000
 O                  0.00000000    0.00000000    1.15575300
 O                  0.00000000    0.00000000   -1.15575300

 Method=8 CoreType=1 PeptideFC=0.0114505045 RIJScale=0.5291772086
****
C
PQN=2,2
NValence=4
F0ss=0.448852723092
F0sp=0.421562750466
F0pp=0.377022379061
F2pp=0.189935688157
G1sp=0.265549640218
ZetaOverlap=1.80882031144,1.68553282929
U=-1.91139771389,-1.45579959361
Beta=-0.578133832501,-0.28351755572
DDN=0,1,0.824244956099
DDN=1,1,0.726943331501
CoreKO=1.11396672972
KON=0,0,0,1.11412243234
KON=1,0,1,0.825409611472
KON=0,1,1,1.11440490196
KON=2,1,1,0.777764259559
EISol=-4.43836660373
EHeat=0.272185959977
Alpha=1.40138335997
DipHyp=1.64746637097
GCore=0.000788329889228,1.40108889366,3.0628346518
GCore=0.0031886588018,1.39980332953,3.49560546633
GCore=-0.00139337078029,1.40077987478,3.87436730837
GCore=-8.7527484711e-05,1.3999071238,5.00721349615
****
O
PQN=2,2
NValence=6
F0ss=0.566464365981
F0sp=0.532084371128
F0pp=0.495630467693
F2pp=0.235782423941
G1sp=0.434674691614
ZetaOverlap=3.10731870463,2.52425233543
U=-3.6653793207,-2.90141236596
Beta=-1.04658288918,-1.09645303649
DDN=0,1,0.498895594163
DDN=1,1,0.48509717958
CoreKO=0.882603847407
KON=0,0,0,0.882716843672
KON=1,0,1,0.501619065213
KON=0,1,1,0.882315249171
KON=2,1,1,0.551651723623
EISol=-11.8577785665
EHeat=0.094895852085
Alpha=2.35641987822
DipHyp=0.997354548983
GCore=0.0195023788515,1.3899123653,1.60194524074
GCore=0.00586837091618,1.96082073635,2.72981532797
****
