%chk=CO2_AM1_SRP_FDH_water.chk
%Mem=1000MB
%NProcShared=4
#P AM1=(Input,Print) opt

CO2 optimization AM1 in water
                
0 1
 C                  0.00000000    0.00000000    0.00000000
 O                  0.00000000    0.00000000    1.15575300
 O                  0.00000000    0.00000000   -1.15575300

 Method=8 CoreType=1 PeptideFC=0.0114505045 RIJScale=0.5291772086
****
C
PQN=2,2
NValence=4
F0ss=0.448690962866
F0sp=0.421705121393
F0pp=0.376619130664
F2pp=0.189787985377
G1sp=0.265772600285
ZetaOverlap=1.80849219734,1.68588073884
U=-1.91195720918,-1.45526073445
Beta=-0.578078863264,-0.283707457902
DDN=0,1,0.823514771333
DDN=1,1,0.726729952368
CoreKO=1.11398679786
KON=0,0,0,1.11371507784
KON=1,0,1,0.824836497676
KON=0,1,1,1.11435366965
KON=2,1,1,0.778989905951
EISol=-4.43750787497
EHeat=0.27240192141
Alpha=1.40080465615
DipHyp=1.64751443816
GCore=0.00078866612261,1.40040033331,3.06184578673
GCore=0.00318991828682,1.39969281177,3.49637850744
GCore=-0.00139358094709,1.39953030856,3.87560628648
GCore=-8.7542136213e-05,1.40056588342,5.00809489198
****
O
PQN=2,2
NValence=6
F0ss=0.566336295897
F0sp=0.532333396536
F0pp=0.495654155985
F2pp=0.235776379542
G1sp=0.434477947413
ZetaOverlap=3.1088182611,2.52427104304
U=-3.66372539218,-2.9014573815
Beta=-1.0462416074,-1.09730932877
DDN=0,1,0.499040854196
DDN=1,1,0.485276263684
CoreKO=0.881783243138
KON=0,0,0,0.88267007173
KON=1,0,1,0.50159620509
KON=0,1,1,0.882431646864
KON=2,1,1,0.55145003377
EISol=-11.856942655
EHeat=0.0949229026933
Alpha=2.35756438537
DipHyp=0.997973113361
GCore=0.0195083845109,1.38958715308,1.60263016343
GCore=0.00586813150797,1.96039192151,2.72998478582
****
