%chk=CO2_AM1_SRP_FDH_water.chk
%Mem=1000MB
%NProcShared=4
#P AM1=(Input,Print) opt

CO2 optimization AM1 in water
                
0 1
 C                  0.00000000    0.00000000    0.00000000
 O                  0.00000000    0.00000000    1.15575300
 O                  0.00000000    0.00000000   -1.15575300

 Method=8 CoreType=1 PeptideFC=0.0114505045 RIJScale=0.5291772086
****
C
PQN=2,2
NValence=4
F0ss=0.44881104471
F0sp=0.421409503061
F0pp=0.376934811657
F2pp=0.189788177944
G1sp=0.265576899064
ZetaOverlap=1.8084631039,1.68574576674
U=-1.91227874756,-1.45566987023
Beta=-0.578191916797,-0.283537668628
DDN=0,1,0.823514771333
DDN=1,1,0.726503747993
CoreKO=1.11389275165
KON=0,0,0,1.11436257245
KON=1,0,1,0.824897257732
KON=0,1,1,1.11365009082
KON=2,1,1,0.778063941824
EISol=-4.43913951658
EHeat=0.272264598179
Alpha=1.40103767416
DipHyp=1.64702481753
GCore=0.000788297496293,1.40006186238,3.05982979578
GCore=0.00318782039357,1.39946478664,3.49555866127
GCore=-0.00139246625503,1.39993045498,3.8757747477
GCore=-8.75206576962e-05,1.40002304766,5.00962172939
****
O
PQN=2,2
NValence=6
F0ss=0.566384303677
F0sp=0.531869919705
F0pp=0.495663371623
F2pp=0.235816287319
G1sp=0.434688880869
ZetaOverlap=3.10796646931,2.52353954683
U=-3.66611188327,-2.90070074454
Beta=-1.04615494821,-1.09679183811
DDN=0,1,0.498721596295
DDN=1,1,0.485325589684
CoreKO=0.88191410614
KON=0,0,0,0.882128650188
KON=1,0,1,0.50146313941
KON=0,1,1,0.881810831239
KON=2,1,1,0.55123677038
EISol=-11.8467897043
EHeat=0.0949559063554
Alpha=2.35806950407
DipHyp=0.997195286905
GCore=0.0195013341796,1.39077627062,1.60222974683
GCore=0.00587017441608,1.96105016039,2.73018315886
****
