%chk=CO2_AM1_SRP_FDH_water.chk
%Mem=1000MB
%NProcShared=4
#P AM1=(Input,Print) opt

CO2 optimization AM1 in water
                
0 1
 C                  0.00000000    0.00000000    0.00000000
 O                  0.00000000    0.00000000    1.15575300
 O                  0.00000000    0.00000000   -1.15575300

 Method=8 CoreType=1 PeptideFC=0.0114505045 RIJScale=0.5291772086
****
C
PQN=2,2
NValence=4
F0ss=0.448673416789
F0sp=0.421362813897
F0pp=0.376735501375
F2pp=0.189782178245
G1sp=0.265677370057
ZetaOverlap=1.8090944013,1.68568661841
U=-1.91175820515,-1.45514329878
Beta=-0.578255519682,-0.283704721478
DDN=0,1,0.823754678199
DDN=1,1,0.72644288733
CoreKO=1.11384333365
KON=0,0,0,1.11433915041
KON=1,0,1,0.825397536785
KON=0,1,1,1.11371224577
KON=2,1,1,0.778646415071
EISol=-4.438195205
EHeat=0.272435171785
Alpha=1.4012547108
DipHyp=1.64748446708
GCore=0.00078890426006,1.40024606562,3.06027633754
GCore=0.00319038522566,1.39984483067,3.49655777129
GCore=-0.0013927447547,1.40070243946,3.87406091774
GCore=-8.74894998729e-05,1.40053942978,5.00896608559
****
O
PQN=2,2
NValence=6
F0ss=0.566885046848
F0sp=0.53230198629
F0pp=0.495682332834
F2pp=0.235783917956
G1sp=0.434468631869
ZetaOverlap=3.10797061783,2.52492605796
U=-3.66274042561,-2.90013745016
Beta=-1.04613162319,-1.09699733533
DDN=0,1,0.498868280591
DDN=1,1,0.485094062019
CoreKO=0.882392206105
KON=0,0,0,0.882381982483
KON=1,0,1,0.502019914284
KON=0,1,1,0.882459532431
KON=2,1,1,0.551831743653
EISol=-11.8487711907
EHeat=0.0948980156133
Alpha=2.35692798879
DipHyp=0.997764866563
GCore=0.0195112990111,1.39077859337,1.60232504458
GCore=0.00586899830064,1.95935993833,2.73093203146
****
