%chk=CO2_AM1_SRP_FDH_water.chk
%Mem=1000MB
%NProcShared=4
#P AM1=(Input,Print) opt

CO2 optimization AM1 in water
                
0 1
 C                  0.00000000    0.00000000    0.00000000
 O                  0.00000000    0.00000000    1.15575300
 O                  0.00000000    0.00000000   -1.15575300

 Method=8 CoreType=1 PeptideFC=0.0114505045 RIJScale=0.5291772086
****
C
PQN=2,2
NValence=4
F0ss=0.448701517203
F0sp=0.421559808474
F0pp=0.376640360924
F2pp=0.189961990491
G1sp=0.265440283903
ZetaOverlap=1.80867188018,1.6849589633
U=-1.91231913342,-1.45576419476
Beta=-0.5784720971,-0.28358404832
DDN=0,1,0.823916511376
DDN=1,1,0.727051772372
CoreKO=1.11430768259
KON=0,0,0,1.11411013477
KON=1,0,1,0.824584092095
KON=0,1,1,1.11384492761
KON=2,1,1,0.77847002566
EISol=-4.43905847765
EHeat=0.272326643938
Alpha=1.40114555681
DipHyp=1.6473277151
GCore=0.000788718157643,1.39973091901,3.06151597824
GCore=0.00319029850776,1.40044261019,3.49551245184
GCore=-0.00139353906279,1.39999082282,3.87293372124
GCore=-8.75011093697e-05,1.40009084507,5.01157873569
****
O
PQN=2,2
NValence=6
F0ss=0.56641902935
F0sp=0.532344685146
F0pp=0.495875068975
F2pp=0.235763529658
G1sp=0.434738839372
ZetaOverlap=3.1069283211,2.52487097528
U=-3.66304193012,-2.89915582023
Beta=-1.04673756945,-1.09691381118
DDN=0,1,0.498981993319
DDN=1,1,0.484996242183
CoreKO=0.882441882656
KON=0,0,0,0.881968058402
KON=1,0,1,0.502018321476
KON=0,1,1,0.882322329978
KON=2,1,1,0.551777025501
EISol=-11.8507540564
EHeat=0.0948946426161
Alpha=2.35705638607
DipHyp=0.998131386602
GCore=0.019506411527,1.39025110272,1.60306810063
GCore=0.00586754703087,1.96019594228,2.73206414845
****
