%chk=CO2_AM1_SRP_FDH_water.chk
%Mem=1000MB
%NProcShared=4
#P AM1=(Input,Print) opt

CO2 optimization AM1 in water
                
0 1
 C                  0.00000000    0.00000000    0.00000000
 O                  0.00000000    0.00000000    1.15575300
 O                  0.00000000    0.00000000   -1.15575300

 Method=8 CoreType=1 PeptideFC=0.0114505045 RIJScale=0.5291772086
****
C
PQN=2,2
NValence=4
F0ss=0.448774235907
F0sp=0.42168818543
F0pp=0.376938344395
F2pp=0.189919289719
G1sp=0.265469014387
ZetaOverlap=1.80847357687,1.68549184308
U=-1.91227874756,-1.45566987023
Beta=-0.578191916797,-0.283537668628
DDN=0,1,0.823514771333
DDN=1,1,0.726494357783
CoreKO=1.11398679786
KON=0,0,0,1.11373556905
KON=1,0,1,0.824836497676
KON=0,1,1,1.1144596707
KON=2,1,1,0.778144781883
EISol=-4.43390810746
EHeat=0.272264583616
Alpha=1.4012985902
DipHyp=1.64660863819
GCore=0.000788737409722,1.3997292682,3.06050752615
GCore=0.00318913989953,1.40005606743,3.49470030819
GCore=-0.00139241696099,1.40040734796,3.87162023552
GCore=-8.74770861012e-05,1.40030923644,5.01012400676
****
O
PQN=2,2
NValence=6
F0ss=0.566716121564
F0sp=0.53176961009
F0pp=0.496092533178
F2pp=0.235745954311
G1sp=0.43480597166
ZetaOverlap=3.10765517519,2.52439415472
U=-3.66388722335,-2.90236465215
Beta=-1.0465810877,-1.09685198015
DDN=0,1,0.499146535721
DDN=1,1,0.485647152571
CoreKO=0.88222701347
KON=0,0,0,0.882700440019
KON=1,0,1,0.501874250463
KON=0,1,1,0.882327259357
KON=2,1,1,0.551784117305
EISol=-11.8457837961
EHeat=0.0949384317208
Alpha=2.35593926755
DipHyp=0.997838757502
GCore=0.019520345535,1.39024949441,1.60236038869
GCore=0.00586981648898,1.96032854335,2.73024526003
****
