%chk=CO2_AM1_SRP_FDH_water.chk
%Mem=1000MB
%NProcShared=4
#P AM1=(Input,Print) opt

CO2 optimization AM1 in water
                
0 1
 C                  0.00000000    0.00000000    0.00000000
 O                  0.00000000    0.00000000    1.15575300
 O                  0.00000000    0.00000000   -1.15575300

 Method=8 CoreType=1 PeptideFC=0.0114505045 RIJScale=0.5291772086
****
C
PQN=2,2
NValence=4
F0ss=0.448774235907
F0sp=0.42168818543
F0pp=0.376938344395
F2pp=0.189919289719
G1sp=0.265469014387
ZetaOverlap=1.80847357687,1.68500575243
U=-1.91227874756,-1.45566987023
Beta=-0.578191916797,-0.283537668628
DDN=0,1,0.823514771333
DDN=1,1,0.726494357783
CoreKO=1.11389275165
KON=0,0,0,1.11436257245
KON=1,0,1,0.825683366866
KON=0,1,1,1.11465726429
KON=2,1,1,0.778472043749
EISol=-4.44009693192
EHeat=0.272428875272
Alpha=1.40202201485
DipHyp=1.64659902211
GCore=0.000788297496293,1.40006186238,3.05982979578
GCore=0.00318693015053,1.39946478664,3.49451761384
GCore=-0.00139246625503,1.39982323316,3.8757747477
GCore=-8.74806859196e-05,1.40002304766,5.00962172939
****
O
PQN=2,2
NValence=6
F0ss=0.566499840431
F0sp=0.532087654446
F0pp=0.496050329879
F2pp=0.235844106618
G1sp=0.434416583449
ZetaOverlap=3.10914009804,2.52466036811
U=-3.66454515386,-2.90061478755
Beta=-1.04620240474,-1.09633034867
DDN=0,1,0.498821983966
DDN=1,1,0.485177913287
CoreKO=0.882533113583
KON=0,0,0,0.88290257179
KON=1,0,1,0.501688545125
KON=0,1,1,0.882039134055
KON=2,1,1,0.551895435671
EISol=-11.8507673067
EHeat=0.0949268960409
Alpha=2.35723506753
DipHyp=0.997712008004
GCore=0.0195155387839,1.39064838987,1.60246531764
GCore=0.00586872588579,1.95940556103,2.73050915255
****
