%chk=CO2_AM1_SRP_FDH_water.chk
%Mem=1000MB
%NProcShared=4
#P AM1=(Input,Print) opt

CO2 optimization AM1 in water
                
0 1
 C                  0.00000000    0.00000000    0.00000000
 O                  0.00000000    0.00000000    1.15575300
 O                  0.00000000    0.00000000   -1.15575300

 Method=8 CoreType=1 PeptideFC=0.0114505045 RIJScale=0.5291772086
****
C
PQN=2,2
NValence=4
F0ss=0.448522275
F0sp=0.42124613677
F0pp=0.376694318595
F2pp=0.189845392294
G1sp=0.265672246417
ZetaOverlap=1.8099016756,1.68592213087
U=-1.9125709181,-1.45580501978
Beta=-0.578325487645,-0.283685837906
DDN=0,1,0.823444416075
DDN=1,1,0.726373182535
CoreKO=1.11430431205
KON=0,0,0,1.11483144053
KON=1,0,1,0.825091337043
KON=0,1,1,1.11495481414
KON=2,1,1,0.778063941824
EISol=-4.43913951658
EHeat=0.272220335892
Alpha=1.4004099936
DipHyp=1.64660863819
GCore=0.000788374131929,1.40006145343,3.06173324481
GCore=0.00318913989953,1.39942166993,3.49470030819
GCore=-0.00139220876889,1.3998644165,3.87561295083
GCore=-8.7527990238e-05,1.39997390562,5.01166867652
****
O
PQN=2,2
NValence=6
F0ss=0.566957669853
F0sp=0.532059057346
F0pp=0.495805125431
F2pp=0.235803374472
G1sp=0.434789091456
ZetaOverlap=3.10645650823,2.52278886477
U=-3.66506872352,-2.89914764016
Beta=-1.04641754374,-1.09682151909
DDN=0,1,0.498635792676
DDN=1,1,0.48520280125
CoreKO=0.882511711259
KON=0,0,0,0.881927520717
KON=1,0,1,0.501673032072
KON=0,1,1,0.882349129681
KON=2,1,1,0.55162664044
EISol=-11.8549143408
EHeat=0.0948863923845
Alpha=2.35708612008
DipHyp=0.998192644792
GCore=0.0195006832533,1.38965991664,1.60247222583
GCore=0.00586558142831,1.95936875016,2.73193337181
****
