%chk=CO2_AM1_SRP_FDH_water.chk
%Mem=1000MB
%NProcShared=4
#P AM1=(Input,Print) opt

CO2 optimization AM1 in water
                
0 1
 C                  0.00000000    0.00000000    0.00000000
 O                  0.00000000    0.00000000    1.15575300
 O                  0.00000000    0.00000000   -1.15575300

 Method=8 CoreType=1 PeptideFC=0.0114505045 RIJScale=0.5291772086
****
C
PQN=2,2
NValence=4
F0ss=0.44861132288
F0sp=0.421465882093
F0pp=0.376975025014
F2pp=0.189776952596
G1sp=0.265458907709
ZetaOverlap=1.80940255905,1.68456398071
U=-1.91162633026,-1.45535123586
Beta=-0.578191916797,-0.283447543188
DDN=0,1,0.823877738275
DDN=1,1,0.72669306933
CoreKO=1.11409034226
KON=0,0,0,1.11387959667
KON=1,0,1,0.82528981234
KON=0,1,1,1.11424795548
KON=2,1,1,0.779016442058
EISol=-4.43794879153
EHeat=0.272163430546
Alpha=1.4004897288
DipHyp=1.64713793358
GCore=0.000788374131929,1.3997292682,3.06173324481
GCore=0.00318919642005,1.39973824406,3.49470030819
GCore=-0.00139220876889,1.3998644165,3.87378880903
GCore=-8.7527990238e-05,1.39997390562,5.00991269738
****
O
PQN=2,2
NValence=6
F0ss=0.566716121564
F0sp=0.531889439648
F0pp=0.496092533178
F2pp=0.235745954311
G1sp=0.43480597166
ZetaOverlap=3.10784125905,2.52439415472
U=-3.66388722335,-2.90236465215
Beta=-1.0465810877,-1.09685198015
DDN=0,1,0.499146535721
DDN=1,1,0.485647152571
CoreKO=0.88222701347
KON=0,0,0,0.882700440019
KON=1,0,1,0.501874250463
KON=0,1,1,0.882327259357
KON=2,1,1,0.551784117305
EISol=-11.8467643275
EHeat=0.0949384317208
Alpha=2.35593926755
DipHyp=0.997517389357
GCore=0.019520345535,1.39024949441,1.60236038869
GCore=0.00586981648898,1.96032854335,2.73108365423
****
