%chk=CO2_AM1_SRP_FDH_water.chk
%Mem=1000MB
%NProcShared=4
#P AM1=(Input,Print) opt

CO2 optimization AM1 in water
                
0 1
 C                  0.00000000    0.00000000    0.00000000
 O                  0.00000000    0.00000000    1.15575300
 O                  0.00000000    0.00000000   -1.15575300

 Method=8 CoreType=1 PeptideFC=0.0114505045 RIJScale=0.5291772086
****
C
PQN=2,2
NValence=4
F0ss=0.448925976604
F0sp=0.421466789819
F0pp=0.376873244727
F2pp=0.189802012679
G1sp=0.265505234651
ZetaOverlap=1.80912131655,1.68433971225
U=-1.91186712,-1.45592861667
Beta=-0.578118975683,-0.283584136826
DDN=0,1,0.823842063392
DDN=1,1,0.726976692781
CoreKO=1.11399994131
KON=0,0,0,1.11463616535
KON=1,0,1,0.825023320856
KON=0,1,1,1.11378797194
KON=2,1,1,0.778668440664
EISol=-4.43931836756
EHeat=0.272200758829
Alpha=1.40204891984
DipHyp=1.64694732942
GCore=0.000788894379897,1.39979971828,3.0603804404
GCore=0.0031904987899,1.40067369856,3.49660093956
GCore=-0.00139301025579,1.39962773405,3.8721946371
GCore=-8.7481513382e-05,1.39988061234,5.01021159848
****
O
PQN=2,2
NValence=6
F0ss=0.566240012535
F0sp=0.532048972893
F0pp=0.495972413142
F2pp=0.235804069723
G1sp=0.434503415255
ZetaOverlap=3.10820805631,2.52509343361
U=-3.66277797332,-2.89994350549
Beta=-1.04630638111,-1.09684190043
DDN=0,1,0.498842610497
DDN=1,1,0.485532596229
CoreKO=0.882307028024
KON=0,0,0,0.882051662005
KON=1,0,1,0.501924690052
KON=0,1,1,0.881961176456
KON=2,1,1,0.551455377334
EISol=-11.8490200555
EHeat=0.0949454564749
Alpha=2.35789292231
DipHyp=0.997869354139
GCore=0.0195091462246,1.38942053459,1.60162787664
GCore=0.00586877886402,1.95979648297,2.7311150733
****
