%chk=CO2_AM1_SRP_FDH_water.chk
%Mem=1000MB
%NProcShared=4
#P AM1=(Input,Print) opt

CO2 optimization AM1 in water
                
0 1
 C                  0.00000000    0.00000000    0.00000000
 O                  0.00000000    0.00000000    1.15575300
 O                  0.00000000    0.00000000   -1.15575300

 Method=8 CoreType=1 PeptideFC=0.0114505045 RIJScale=0.5291772086
****
C
PQN=2,2
NValence=4
F0ss=0.448622312738
F0sp=0.421554308276
F0pp=0.376659799939
F2pp=0.189919289719
G1sp=0.265469014387
ZetaOverlap=1.80905684091,1.68481588493
U=-1.91175896431,-1.45639792057
Beta=-0.578138454723,-0.283511611772
DDN=0,1,0.82365374514
DDN=1,1,0.726964623223
CoreKO=1.11460461572
KON=0,0,0,1.11410836008
KON=1,0,1,0.825507675878
KON=0,1,1,1.11364624702
KON=2,1,1,0.778601842246
EISol=-4.44042941441
EHeat=0.27221455081
Alpha=1.40133351868
DipHyp=1.64771401022
GCore=0.000788781969886,1.39981609561,3.06094273158
GCore=0.00318768771559,1.39976552554,3.49699665073
GCore=-0.00139303526722,1.40051154805,3.87239062733
GCore=-8.75376768304e-05,1.40002851398,5.00787303065
****
O
PQN=2,2
NValence=6
F0ss=0.566494205117
F0sp=0.531966494328
F0pp=0.495809630777
F2pp=0.235816287319
G1sp=0.434634991747
ZetaOverlap=3.10656439314,2.52345811591
U=-3.66611188327,-2.90150002825
Beta=-1.04615494821,-1.09716301882
DDN=0,1,0.498721596295
DDN=1,1,0.485325589684
CoreKO=0.882272660648
KON=0,0,0,0.882348468295
KON=1,0,1,0.501724805371
KON=0,1,1,0.88185926901
KON=2,1,1,0.551311407893
EISol=-11.8467897043
EHeat=0.0949143931564
Alpha=2.3563925401
DipHyp=0.997522374627
GCore=0.0195048120681,1.39029226505,1.60197870328
GCore=0.00586951824384,1.96105016039,2.7313829753
****
