%chk=CO2_AM1_SRP_FDH_water.chk
%Mem=1000MB
%NProcShared=4
#P AM1=(Input,Print) opt

CO2 optimization AM1 in water
                
0 1
 C                  0.00000000    0.00000000    0.00000000
 O                  0.00000000    0.00000000    1.15575300
 O                  0.00000000    0.00000000   -1.15575300

 Method=8 CoreType=1 PeptideFC=0.0114505045 RIJScale=0.5291772086
****
C
PQN=2,2
NValence=4
F0ss=0.44881104471
F0sp=0.421409503061
F0pp=0.377050010174
F2pp=0.189788177944
G1sp=0.265576899064
ZetaOverlap=1.80940255905,1.68456398071
U=-1.91268498562,-1.45580501978
Beta=-0.578211297272,-0.283606741388
DDN=0,1,0.823569864354
DDN=1,1,0.726754516
CoreKO=1.11446747735
KON=0,0,0,1.11429490791
KON=1,0,1,0.824866328022
KON=0,1,1,1.11458908343
KON=2,1,1,0.778063941824
EISol=-4.43550820779
EHeat=0.272264583616
Alpha=1.4012985902
DipHyp=1.64660863819
GCore=0.000788737409722,1.3997292682,3.06050752615
GCore=0.00318913989953,1.40005606743,3.49470030819
GCore=-0.00139246625503,1.39993045498,3.8757747477
GCore=-8.75206576962e-05,1.40002304766,5.00962172939
****
O
PQN=2,2
NValence=6
F0ss=0.566395028544
F0sp=0.531869919705
F0pp=0.495663371623
F2pp=0.235816287319
G1sp=0.434688880869
ZetaOverlap=3.10796646931,2.52353954683
U=-3.66611188327,-2.90070074454
Beta=-1.04615494821,-1.09679183811
DDN=0,1,0.498721596295
DDN=1,1,0.485325589684
CoreKO=0.88191410614
KON=0,0,0,0.882128650188
KON=1,0,1,0.501478553033
KON=0,1,1,0.881810831239
KON=2,1,1,0.55123677038
EISol=-11.8467897043
EHeat=0.0949559063554
Alpha=2.35806950407
DipHyp=0.997195286905
GCore=0.0195013341796,1.39077627062,1.60206947014
GCore=0.00587017441608,1.96105016039,2.73018315886
****
