%chk=CO2_AM1_SRP_FDH_water.chk
%Mem=1000MB
%NProcShared=4
#P AM1=(Input,Print) opt

CO2 optimization AM1 in water
                
0 1
 C                  0.00000000    0.00000000    0.00000000
 O                  0.00000000    0.00000000    1.15575300
 O                  0.00000000    0.00000000   -1.15575300

 Method=8 CoreType=1 PeptideFC=0.0114505045 RIJScale=0.5291772086
****
C
PQN=2,2
NValence=4
F0ss=0.448627504335
F0sp=0.421625742665
F0pp=0.37675516012
F2pp=0.189788244431
G1sp=0.265535936817
ZetaOverlap=1.80870092485,1.68574409076
U=-1.91160624076,-1.45585976959
Beta=-0.578488988349,-0.28351963596
DDN=0,1,0.82365062897
DDN=1,1,0.726842576293
CoreKO=1.11428316918
KON=0,0,0,1.11462237233
KON=1,0,1,0.825016154386
KON=0,1,1,1.11371137182
KON=2,1,1,0.778067271757
EISol=-4.4380785255
EHeat=0.27238796399
Alpha=1.40127974188
DipHyp=1.64656802515
GCore=0.000788942382856,1.40009906638,3.05982994855
GCore=0.00318906419631,1.39971150346,3.4968339237
GCore=-0.00139254257604,1.40067139966,3.87270349437
GCore=-8.74828152342e-05,1.39927943791,5.00682438551
****
O
PQN=2,2
NValence=6
F0ss=0.566692150175
F0sp=0.531960967724
F0pp=0.495971016481
F2pp=0.235804323582
G1sp=0.434628145252
ZetaOverlap=3.10862583287,2.52388147406
U=-3.66613945854,-2.89943693632
Beta=-1.04665759297,-1.09678954453
DDN=0,1,0.499047943385
DDN=1,1,0.485185058519
CoreKO=0.882114259317
KON=0,0,0,0.882261538025
KON=1,0,1,0.501713852022
KON=0,1,1,0.882516877023
KON=2,1,1,0.551339471406
EISol=-11.8495145416
EHeat=0.0948684557455
Alpha=2.35624931124
DipHyp=0.998160301027
GCore=0.0195021929499,1.38998170175,1.60199790146
GCore=0.00586949276557,1.96086245637,2.73165684397
****
