%chk=CO2_AM1_SRP_FDH_water.chk
%Mem=1000MB
%NProcShared=4
#P AM1=(Input,Print) opt

CO2 optimization AM1 in water
                
0 1
 C                  0.00000000    0.00000000    0.00000000
 O                  0.00000000    0.00000000    1.15575300
 O                  0.00000000    0.00000000   -1.15575300

 Method=8 CoreType=1 PeptideFC=0.0114505045 RIJScale=0.5291772086
****
C
PQN=2,2
NValence=4
F0ss=0.448887061089
F0sp=0.42172261308
F0pp=0.376892345746
F2pp=0.189833025362
G1sp=0.265698328955
ZetaOverlap=1.80840026379,1.68498333023
U=-1.9116342692,-1.4549930531
Beta=-0.578241321829,-0.283498011441
DDN=0,1,0.823296271027
DDN=1,1,0.726944306433
CoreKO=1.11461828084
KON=0,0,0,1.11361582266
KON=1,0,1,0.824938970949
KON=0,1,1,1.11400130291
KON=2,1,1,0.778418474262
EISol=-4.43927076935
EHeat=0.272316916585
Alpha=1.40096504612
DipHyp=1.64713459386
GCore=0.000788976978599,1.3994433622,3.06002009237
GCore=0.00319106361988,1.39943007981,3.49554703532
GCore=-0.00139250948029,1.40068621748,3.87414999539
GCore=-8.74519945444e-05,1.3996579009,5.00982958125
****
O
PQN=2,2
NValence=6
F0ss=0.566908155928
F0sp=0.531858897185
F0pp=0.495512581614
F2pp=0.235853133724
G1sp=0.434710573378
ZetaOverlap=3.10777986604,2.5238883913
U=-3.6648056164,-2.89950856914
Beta=-1.04689439246,-1.0972801706
DDN=0,1,0.498837849155
DDN=1,1,0.484921413038
CoreKO=0.882016711547
KON=0,0,0,0.882550625615
KON=1,0,1,0.501927765936
KON=0,1,1,0.882636348216
KON=2,1,1,0.551771055856
EISol=-11.8523822508
EHeat=0.0948975866035
Alpha=2.35559475669
DipHyp=0.997448686906
GCore=0.0195079806282,1.38989706517,1.60285290836
GCore=0.00586447430897,1.95887037198,2.72925535471
****
