%chk=CO2_AM1_SRP_FDH_water.chk
%Mem=1000MB
%NProcShared=4
#P AM1=(Input,Print) opt

CO2 optimization AM1 in water
                
0 1
 C                  0.00000000    0.00000000    0.00000000
 O                  0.00000000    0.00000000    1.15575300
 O                  0.00000000    0.00000000   -1.15575300

 Method=8 CoreType=1 PeptideFC=0.0114505045 RIJScale=0.5291772086
****
C
PQN=2,2
NValence=4
F0ss=0.448975748074
F0sp=0.42158363602
F0pp=0.376853100372
F2pp=0.189782422545
G1sp=0.265673235697
ZetaOverlap=1.80822734153,1.68620793846
U=-1.91151720784,-1.45510207224
Beta=-0.578265906652,-0.283622767145
DDN=0,1,0.824022841001
DDN=1,1,0.727252848402
CoreKO=1.11480633381
KON=0,0,0,1.11419368955
KON=1,0,1,0.82526236975
KON=0,1,1,1.11476343853
KON=2,1,1,0.778339475242
EISol=-4.43983651737
EHeat=0.272284162396
Alpha=1.40181428657
DipHyp=1.64711970324
GCore=0.000788575798177,1.40012146061,3.06122731263
GCore=0.00318873590786,1.40033656327,3.49613047999
GCore=-0.00139237460787,1.40066935237,3.87262353839
GCore=-8.75247114942e-05,1.39982546256,5.00713194444
****
O
PQN=2,2
NValence=6
F0ss=0.566699163583
F0sp=0.532052865853
F0pp=0.495650328147
F2pp=0.235791879267
G1sp=0.434565956041
ZetaOverlap=3.10891461869,2.52360124135
U=-3.66469536224,-2.90016240922
Beta=-1.04606657654,-1.09655553015
DDN=0,1,0.498650887286
DDN=1,1,0.485150085529
CoreKO=0.882835320435
KON=0,0,0,0.882253687249
KON=1,0,1,0.501859103518
KON=0,1,1,0.881455051486
KON=2,1,1,0.551604097762
EISol=-11.8463702222
EHeat=0.0949328892381
Alpha=2.35680644721
DipHyp=0.997711388038
GCore=0.0195206054984,1.39041009591,1.60229498121
GCore=0.00586430868454,1.95967938205,2.72942563388
****
