%chk=CO2_AM1_SRP_FDH_water.chk
%Mem=1000MB
%NProcShared=4
#P AM1=(Input,Print) opt

CO2 optimization AM1 in water
                
0 1
 C                  0.00000000    0.00000000    0.00000000
 O                  0.00000000    0.00000000    1.15575300
 O                  0.00000000    0.00000000   -1.15575300

 Method=8 CoreType=1 PeptideFC=0.0114505045 RIJScale=0.5291772086
****
C
PQN=2,2
NValence=4
F0ss=0.448737827497
F0sp=0.421599378916
F0pp=0.376754320605
F2pp=0.189997380219
G1sp=0.265685530652
ZetaOverlap=1.80781145189,1.68654037126
U=-1.91243819681,-1.45548731322
Beta=-0.578554919911,-0.2835469012
DDN=0,1,0.823678918468
DDN=1,1,0.727083061481
CoreKO=1.1138892156
KON=0,0,0,1.11397861077
KON=1,0,1,0.824834823285
KON=0,1,1,1.11372209163
KON=2,1,1,0.777913291719
EISol=-4.43558465629
EHeat=0.272488932432
Alpha=1.40111427066
DipHyp=1.6481844455
GCore=0.000788818251235,1.40057435692,3.06143696393
GCore=0.00318763030241,1.39988928819,3.49581919286
GCore=-0.00139282789592,1.40048264996,3.87382796701
GCore=-8.75158063939e-05,1.39984376091,5.00827360857
****
O
PQN=2,2
NValence=6
F0ss=0.56669588861
F0sp=0.532181451995
F0pp=0.495939536681
F2pp=0.235807011738
G1sp=0.43462788618
ZetaOverlap=3.11056396877,2.52502055565
U=-3.66614992804,-2.89893514129
Beta=-1.0457807101,-1.09682397243
DDN=0,1,0.498927015091
DDN=1,1,0.485319726595
CoreKO=0.88207489317
KON=0,0,0,0.881987754428
KON=1,0,1,0.501985935166
KON=0,1,1,0.882213480016
KON=2,1,1,0.55132397837
EISol=-11.8448348772
EHeat=0.0948795684762
Alpha=2.35676725931
DipHyp=0.997797132657
GCore=0.0195182848401,1.38972976432,1.60192163038
GCore=0.00586707377953,1.96154416771,2.72928350606
****
