%chk=CO2_AM1_SRP_FDH_water.chk
%Mem=1000MB
%NProcShared=4
#P AM1=(Input,Print) opt

CO2 optimization AM1 in water
                
0 1
 C                  0.00000000    0.00000000    0.00000000
 O                  0.00000000    0.00000000    1.15575300
 O                  0.00000000    0.00000000   -1.15575300

 Method=8 CoreType=1 PeptideFC=0.0114505045 RIJScale=0.5291772086
****
C
PQN=2,2
NValence=4
F0ss=0.44861132288
F0sp=0.421465882093
F0pp=0.376975025014
F2pp=0.189776952596
G1sp=0.265458907709
ZetaOverlap=1.8084631039,1.68574576674
U=-1.91227874756,-1.45566987023
Beta=-0.578191916797,-0.283537668628
DDN=0,1,0.8233420426
DDN=1,1,0.727078844855
CoreKO=1.11446747735
KON=0,0,0,1.11384284207
KON=1,0,1,0.825200428165
KON=0,1,1,1.11458908343
KON=2,1,1,0.778063941824
EISol=-4.43550820779
EHeat=0.272264583616
Alpha=1.4012985902
DipHyp=1.64660863819
GCore=0.000788737409722,1.3997292682,3.06050752615
GCore=0.00318913989953,1.40005606743,3.49470030819
GCore=-0.00139241696099,1.40040734796,3.87162023552
GCore=-8.74983600208e-05,1.40030923644,5.01012400676
****
O
PQN=2,2
NValence=6
F0ss=0.566597810254
F0sp=0.532325549498
F0pp=0.495932029908
F2pp=0.235757496943
G1sp=0.43448067095
ZetaOverlap=3.10820772419,2.52416444123
U=-3.66479308541,-2.90108285357
Beta=-1.04600034241,-1.09648279758
DDN=0,1,0.498727283194
DDN=1,1,0.485333479084
CoreKO=0.882138602357
KON=0,0,0,0.882174861326
KON=1,0,1,0.501813455565
KON=0,1,1,0.88208514806
KON=2,1,1,0.551440687929
EISol=-11.8607468577
EHeat=0.0949488179296
Alpha=2.3576419297
DipHyp=0.997329427091
GCore=0.0195056020406,1.38985160713,1.60333160166
GCore=0.00586887713241,1.96128041985,2.73123148319
****
