%chk=CO2_AM1_SRP_FDH_water.chk
%Mem=1000MB
%NProcShared=4
#P AM1=(Input,Print) opt

CO2 optimization AM1 in water
                
0 1
 C                  0.00000000    0.00000000    0.00000000
 O                  0.00000000    0.00000000    1.15575300
 O                  0.00000000    0.00000000   -1.15575300

 Method=8 CoreType=1 PeptideFC=0.0114505045 RIJScale=0.5291772086
****
C
PQN=2,2
NValence=4
F0ss=0.448847337207
F0sp=0.421562750466
F0pp=0.376850974773
F2pp=0.189879266914
G1sp=0.265493634804
ZetaOverlap=1.80882031144,1.68553282929
U=-1.91160381145,-1.45586574085
Beta=-0.578133832501,-0.28351755572
DDN=0,1,0.824131977111
DDN=1,1,0.726768896386
CoreKO=1.11445362348
KON=0,0,0,1.113496037
KON=1,0,1,0.824659484107
KON=0,1,1,1.11411868042
KON=2,1,1,0.77835062467
EISol=-4.438237283
EHeat=0.272304595248
Alpha=1.40138335997
DipHyp=1.64746637097
GCore=0.000788329889228,1.40065399935,3.06239962296
GCore=0.0031886588018,1.39980332953,3.49560546633
GCore=-0.00139347718443,1.39997337881,3.87313343918
GCore=-8.7528165234e-05,1.39937094418,5.0076297095
****
O
PQN=2,2
NValence=6
F0ss=0.566850880616
F0sp=0.53232897645
F0pp=0.495976487234
F2pp=0.235838798601
G1sp=0.434509165623
ZetaOverlap=3.10929469767,2.52253489884
U=-3.6648792331,-2.90298190784
Beta=-1.04653415755,-1.09685778386
DDN=0,1,0.499145742922
DDN=1,1,0.485509820589
CoreKO=0.882695155887
KON=0,0,0,0.881725615649
KON=1,0,1,0.501962584097
KON=0,1,1,0.882393688519
KON=2,1,1,0.551650287571
EISol=-11.8470296807
EHeat=0.0948519435948
Alpha=2.35723675468
DipHyp=0.998048632276
GCore=0.0195195813249,1.39052858565,1.60248232011
GCore=0.00586424037783,1.95934078359,2.73088756748
****
