%chk=CO2_AM1_SRP_FDH_water.chk
%Mem=1000MB
%NProcShared=4
#P AM1=(Input,Print) opt

CO2 optimization AM1 in water
                
0 1
 C                  0.00000000    0.00000000    0.00000000
 O                  0.00000000    0.00000000    1.15575300
 O                  0.00000000    0.00000000   -1.15575300

 Method=8 CoreType=1 PeptideFC=0.0114505045 RIJScale=0.5291772086
****
C
PQN=2,2
NValence=4
F0ss=0.448759776475
F0sp=0.421450516862
F0pp=0.376704318796
F2pp=0.189927672424
G1sp=0.265763930379
ZetaOverlap=1.80850752306,1.68443811731
U=-1.91109590169,-1.45553937421
Beta=-0.578414813977,-0.283457982422
DDN=0,1,0.823068917512
DDN=1,1,0.727075471059
CoreKO=1.11389275165
KON=0,0,0,1.11386549911
KON=1,0,1,0.825465388417
KON=0,1,1,1.114729329
KON=2,1,1,0.778700069792
EISol=-4.43794879153
EHeat=0.272407300712
Alpha=1.4017642239
DipHyp=1.64764403826
GCore=0.000788060859652,1.39986612771,3.06398163382
GCore=0.00319062598791,1.40004420958,3.49662281638
GCore=-0.00139342757832,1.39873654414,3.87076789601
GCore=-8.74649955614e-05,1.40027801134,5.00612862113
****
O
PQN=2,2
NValence=6
F0ss=0.566714142721
F0sp=0.532209725796
F0pp=0.495926824766
F2pp=0.235852947955
G1sp=0.434392341197
ZetaOverlap=3.10849863982,2.52362232212
U=-3.66353122481,-2.9018928943
Beta=-1.04634935347,-1.09650651623
DDN=0,1,0.498820254525
DDN=1,1,0.485205448999
CoreKO=0.882555329415
KON=0,0,0,0.882674514252
KON=1,0,1,0.501589242706
KON=0,1,1,0.881990924005
KON=2,1,1,0.551567550343
EISol=-11.8467596577
EHeat=0.094951671912
Alpha=2.35565642405
DipHyp=0.998004573706
GCore=0.0195067083722,1.38990453707,1.60199209712
GCore=0.00586794797182,1.96061130882,2.72969707763
****
