%chk=CO2_AM1_SRP_FDH_water.chk
%Mem=1000MB
%NProcShared=4
#P AM1=(Input,Print) opt

CO2 optimization AM1 in water
                
0 1
 C                  0.00000000    0.00000000    0.00000000
 O                  0.00000000    0.00000000    1.15575300
 O                  0.00000000    0.00000000   -1.15575300

 Method=8 CoreType=1 PeptideFC=0.0114505045 RIJScale=0.5291772086
****
C
PQN=2,2
NValence=4
F0ss=0.44881104471
F0sp=0.421409503061
F0pp=0.376934811657
F2pp=0.189788177944
G1sp=0.265576899064
ZetaOverlap=1.80847357687,1.68549184308
U=-1.91227874756,-1.45566987023
Beta=-0.578382208439,-0.283685837906
DDN=0,1,0.823918697285
DDN=1,1,0.726555673056
CoreKO=1.11389275165
KON=0,0,0,1.11436257245
KON=1,0,1,0.824897257732
KON=0,1,1,1.11365009082
KON=2,1,1,0.778472043749
EISol=-4.44009693192
EHeat=0.27229715219
Alpha=1.40214834746
DipHyp=1.64659902211
GCore=0.000788175100134,1.40037796172,3.06099204211
GCore=0.00318693015053,1.39946478664,3.49555866127
GCore=-0.00139250477158,1.39971121162,3.87220468642
GCore=-8.75208995974e-05,1.40075540996,5.01012400676
****
O
PQN=2,2
NValence=6
F0ss=0.567049164491
F0sp=0.532126679493
F0pp=0.495934207721
F2pp=0.235736436623
G1sp=0.434690362774
ZetaOverlap=3.10669649451,2.52482070956
U=-3.66394774837,-2.89923550394
Beta=-1.04657410334,-1.09639726787
DDN=0,1,0.499012604102
DDN=1,1,0.485100184977
CoreKO=0.882181164518
KON=0,0,0,0.882440607747
KON=1,0,1,0.501681390327
KON=0,1,1,0.882116098099
KON=2,1,1,0.551591796907
EISol=-11.8540502613
EHeat=0.0949253019887
Alpha=2.35647140208
DipHyp=0.997202979522
GCore=0.0195107529046,1.39085432067,1.60186847515
GCore=0.00586539658685,1.96106073784,2.73144439764
****
