%chk=CO2_AM1_SRP_FDH_water.chk
%Mem=1000MB
%NProcShared=4
#P AM1=(Input,Print) opt

CO2 optimization AM1 in water
                
0 1
 C                  0.00000000    0.00000000    0.00000000
 O                  0.00000000    0.00000000    1.15575300
 O                  0.00000000    0.00000000   -1.15575300

 Method=8 CoreType=1 PeptideFC=0.0114505045 RIJScale=0.5291772086
****
C
PQN=2,2
NValence=4
F0ss=0.448435351306
F0sp=0.421463058783
F0pp=0.376809395636
F2pp=0.189950209306
G1sp=0.265680282157
ZetaOverlap=1.8071608452,1.68477400844
U=-1.91218800723,-1.45539817752
Beta=-0.57825958033,-0.283569706436
DDN=0,1,0.823817502835
DDN=1,1,0.727265754782
CoreKO=1.11386068692
KON=0,0,0,1.11450470243
KON=1,0,1,0.82524543335
KON=0,1,1,1.11456814194
KON=2,1,1,0.778665587763
EISol=-4.43875608524
EHeat=0.27232974689
Alpha=1.40189484247
DipHyp=1.64716765889
GCore=0.000788180960031,1.39945721348,3.05958992698
GCore=0.00318893265208,1.3995830072,3.49823308314
GCore=-0.00139308202421,1.39973984689,3.87663137555
GCore=-8.74553896674e-05,1.3994385977,5.00704953474
****
O
PQN=2,2
NValence=6
F0ss=0.566837904428
F0sp=0.532058878128
F0pp=0.495628101053
F2pp=0.235715550541
G1sp=0.434793329092
ZetaOverlap=3.10846999358,2.52367363579
U=-3.66290529968,-2.89970800273
Beta=-1.04615005274,-1.09715596356
DDN=0,1,0.49900093684
DDN=1,1,0.485434870902
CoreKO=0.882052308161
KON=0,0,0,0.882209963181
KON=1,0,1,0.501841813801
KON=0,1,1,0.882294405463
KON=2,1,1,0.551824687975
EISol=-11.8541337451
EHeat=0.0949462850689
Alpha=2.35581416157
DipHyp=0.997488251387
GCore=0.0195005331639,1.39076441392,1.60160137894
GCore=0.00586844131432,1.95951120734,2.73056813886
****
