%chk=CO2_AM1_SRP_FDH_water.chk
%Mem=1000MB
%NProcShared=4
#P AM1=(Input,Print) opt

CO2 optimization AM1 in water
                
0 1
 C                  0.00000000    0.00000000    0.00000000
 O                  0.00000000    0.00000000    1.15575300
 O                  0.00000000    0.00000000   -1.15575300

 Method=8 CoreType=1 PeptideFC=0.0114505045 RIJScale=0.5291772086
****
C
PQN=2,2
NValence=4
F0ss=0.44881104471
F0sp=0.421409503061
F0pp=0.376934811657
F2pp=0.189788177944
G1sp=0.265576899064
ZetaOverlap=1.80893660806,1.68432877789
U=-1.91227874756,-1.45566987023
Beta=-0.578382208439,-0.283685837906
DDN=0,1,0.823918697285
DDN=1,1,0.726555673056
CoreKO=1.11389275165
KON=0,0,0,1.11436257245
KON=1,0,1,0.824897257732
KON=0,1,1,1.11365009082
KON=2,1,1,0.778472043749
EISol=-4.44009693192
EHeat=0.27229715219
Alpha=1.40214834746
DipHyp=1.64659902211
GCore=0.000788175100134,1.40037796172,3.06099204211
GCore=0.00318693015053,1.39946478664,3.49555866127
GCore=-0.00139250477158,1.39971121162,3.87220468642
GCore=-8.75208995974e-05,1.40075540996,5.01012400676
****
O
PQN=2,2
NValence=6
F0ss=0.566384303677
F0sp=0.531869919705
F0pp=0.495663371623
F2pp=0.235816287319
G1sp=0.434688880869
ZetaOverlap=3.10796646931,2.52353954683
U=-3.66611188327,-2.90070074454
Beta=-1.04615494821,-1.09679183811
DDN=0,1,0.498721596295
DDN=1,1,0.485325589684
CoreKO=0.8821530708
KON=0,0,0,0.882128650188
KON=1,0,1,0.50146313941
KON=0,1,1,0.881810831239
KON=2,1,1,0.55123677038
EISol=-11.8467897043
EHeat=0.0949559063554
Alpha=2.35806950407
DipHyp=0.997195286905
GCore=0.0195025504712,1.39077627062,1.60222974683
GCore=0.00587142886556,1.96105016039,2.73018315886
****
