%chk=CO2_AM1_SRP_FDH_water.chk
%Mem=1000MB
%NProcShared=4
#P AM1=(Input,Print) opt

CO2 optimization AM1 in water
                
0 1
 C                  0.00000000    0.00000000    0.00000000
 O                  0.00000000    0.00000000    1.15575300
 O                  0.00000000    0.00000000   -1.15575300

 Method=8 CoreType=1 PeptideFC=0.0114505045 RIJScale=0.5291772086
****
C
PQN=2,2
NValence=4
F0ss=0.448490488336
F0sp=0.421465882093
F0pp=0.377117176808
F2pp=0.189776952596
G1sp=0.265443118676
ZetaOverlap=1.80940255905,1.68420625808
U=-1.91162633026,-1.45535123586
Beta=-0.578675860904,-0.283601501989
DDN=0,1,0.823855837087
DDN=1,1,0.726503747993
CoreKO=1.11412061918
KON=0,0,0,1.11439275436
KON=1,0,1,0.825428248103
KON=0,1,1,1.11430380629
KON=2,1,1,0.778241115823
EISol=-4.43710905221
EHeat=0.27222994913
Alpha=1.40103767416
DipHyp=1.64659902211
GCore=0.000788297496293,1.40006186238,3.0593653722
GCore=0.00318737960986,1.39946478664,3.49555866127
GCore=-0.00139246625503,1.39985124632,3.87700751386
GCore=-8.7552013681e-05,1.40002304766,5.00760822945
****
O
PQN=2,2
NValence=6
F0ss=0.566565093417
F0sp=0.532337593661
F0pp=0.496050329879
F2pp=0.235844106618
G1sp=0.434591004639
ZetaOverlap=3.10949456553,2.52466036811
U=-3.66411584387,-2.89999550016
Beta=-1.04614782136,-1.09609897645
DDN=0,1,0.498821983966
DDN=1,1,0.485091354466
CoreKO=0.882533113583
KON=0,0,0,0.882176024191
KON=1,0,1,0.501688545125
KON=0,1,1,0.882157540135
KON=2,1,1,0.551500520871
EISol=-11.8507673067
EHeat=0.0949135024665
Alpha=2.35695353434
DipHyp=0.997678498307
GCore=0.0195073632012,1.39064838987,1.60246531764
GCore=0.00586551601476,1.95940556103,2.73186628462
****
