%chk=CO2_AM1_SRP_FDH_water.chk
%Mem=1000MB
%NProcShared=4
#P AM1=(Input,Print) opt

CO2 optimization AM1 in water
                
0 1
 C                  0.00000000    0.00000000    0.00000000
 O                  0.00000000    0.00000000    1.15575300
 O                  0.00000000    0.00000000   -1.15575300

 Method=8 CoreType=1 PeptideFC=0.0114505045 RIJScale=0.5291772086
****
C
PQN=2,2
NValence=4
F0ss=0.448774235907
F0sp=0.421612402364
F0pp=0.376938344395
F2pp=0.189863648383
G1sp=0.265438912485
ZetaOverlap=1.80862685732,1.6849430768
U=-1.91252869446,-1.45593416662
Beta=-0.578191916797,-0.283537668628
DDN=0,1,0.823877738275
DDN=1,1,0.72669306933
CoreKO=1.11409034226
KON=0,0,0,1.11391180714
KON=1,0,1,0.82528981234
KON=0,1,1,1.11424795548
KON=2,1,1,0.778700069792
EISol=-4.43794879153
EHeat=0.272308719856
Alpha=1.40155991357
DipHyp=1.6476916636
GCore=0.000788930812637,1.40077017988,3.06049113785
GCore=0.00318879339436,1.40011189663,3.49619787335
GCore=-0.00139294408135,1.40082183033,3.87511823658
GCore=-8.74649955614e-05,1.40027801134,5.00612862113
****
O
PQN=2,2
NValence=6
F0ss=0.566761298682
F0sp=0.531889439648
F0pp=0.496092533178
F2pp=0.235745954311
G1sp=0.434738659158
ZetaOverlap=3.10706160212,2.52421213773
U=-3.66388722335,-2.90151012626
Beta=-1.04697249231,-1.09674691918
DDN=0,1,0.498983189325
DDN=1,1,0.485434752135
CoreKO=0.882452997114
KON=0,0,0,0.882197201291
KON=1,0,1,0.50196246159
KON=0,1,1,0.882232178703
KON=2,1,1,0.5515228212
EISol=-11.8467643275
EHeat=0.0949384317208
Alpha=2.35817552616
DipHyp=0.997558126789
GCore=0.0195229583694,1.39047394555,1.60243076048
GCore=0.00586844880766,1.96032854335,2.73139455799
****
