%chk=CO2_AM1_SRP_FDH_water.chk
%Mem=1000MB
%NProcShared=4
#P AM1=(Input,Print) opt

CO2 optimization AM1 in water
                
0 1
 C                  0.00000000    0.00000000    0.00000000
 O                  0.00000000    0.00000000    1.15575300
 O                  0.00000000    0.00000000   -1.15575300

 Method=8 CoreType=1 PeptideFC=0.0114505045 RIJScale=0.5291772086
****
C
PQN=2,2
NValence=4
F0ss=0.448813834255
F0sp=0.421606849183
F0pp=0.376880349666
F2pp=0.189960627025
G1sp=0.265661792063
ZetaOverlap=1.80949173699,1.68522784533
U=-1.91270150152,-1.45594981929
Beta=-0.578380121628,-0.283664178628
DDN=0,1,0.823772028565
DDN=1,1,0.726904981607
CoreKO=1.11464784048
KON=0,0,0,1.11459995074
KON=1,0,1,0.825496220559
KON=0,1,1,1.11412956473
KON=2,1,1,0.778617825683
EISol=-4.44028987451
EHeat=0.272302928377
Alpha=1.40122701516
DipHyp=1.64756054659
GCore=0.000788891439499,1.3999825793,3.06093272351
GCore=0.00318976680491,1.39972396427,3.49589642791
GCore=-0.0013931583189,1.39961779499,3.87260685978
GCore=-8.75416787878e-05,1.39956181099,5.00754264838
****
O
PQN=2,2
NValence=6
F0ss=0.56693661845
F0sp=0.532154337995
F0pp=0.4956880837
F2pp=0.235812363375
G1sp=0.434422599536
ZetaOverlap=3.10653919794,2.52525535712
U=-3.66265676416,-2.90125700316
Beta=-1.04681283577,-1.09652697119
DDN=0,1,0.498964214799
DDN=1,1,0.485461207091
CoreKO=0.882554608467
KON=0,0,0,0.882520313079
KON=1,0,1,0.501996399428
KON=0,1,1,0.881992389098
KON=2,1,1,0.551575448679
EISol=-11.8506450972
EHeat=0.0948779865848
Alpha=2.35724828829
DipHyp=0.997816565662
GCore=0.019512886061,1.39008579436,1.60201377144
GCore=0.00586617470375,1.96018592699,2.73054954722
****
