%chk=CO2_AM1_SRP_FDH_water.chk
%Mem=1000MB
%NProcShared=4
#P AM1=(Input,Print) opt

CO2 optimization AM1 in water
                
0 1
 C                  0.00000000    0.00000000    0.00000000
 O                  0.00000000    0.00000000    1.15575300
 O                  0.00000000    0.00000000   -1.15575300

 Method=8 CoreType=1 PeptideFC=0.0114505045 RIJScale=0.5291772086
****
C
PQN=2,2
NValence=4
F0ss=0.448886078244
F0sp=0.42172261308
F0pp=0.376804399392
F2pp=0.189824176842
G1sp=0.265625508717
ZetaOverlap=1.8086632223,1.68498333023
U=-1.9116342692,-1.4549930531
Beta=-0.578047033674,-0.283535381782
DDN=0,1,0.823296271027
DDN=1,1,0.726944306433
CoreKO=1.11433501106
KON=0,0,0,1.11398237334
KON=1,0,1,0.824938970949
KON=0,1,1,1.11369719404
KON=2,1,1,0.778282536913
EISol=-4.43927076935
EHeat=0.272316916585
Alpha=1.40096504612
DipHyp=1.64713459386
GCore=0.000788947162997,1.3994433622,3.06002009237
GCore=0.00319025582071,1.39981998759,3.49516488538
GCore=-0.00139250948029,1.40083401965,3.87414999539
GCore=-8.74843889916e-05,1.3996579009,5.00775950617
****
O
PQN=2,2
NValence=6
F0ss=0.566908155928
F0sp=0.531975471838
F0pp=0.495688779673
F2pp=0.235829154112
G1sp=0.434563694335
ZetaOverlap=3.10889869946,2.5238883913
U=-3.66314721152,-2.89957279031
Beta=-1.04671453014,-1.0972801706
DDN=0,1,0.498830239334
DDN=1,1,0.484992111824
CoreKO=0.881903914818
KON=0,0,0,0.882719664408
KON=1,0,1,0.50184908663
KON=0,1,1,0.882636348216
KON=2,1,1,0.551630232747
EISol=-11.8523822508
EHeat=0.0948975866035
Alpha=2.35627409601
DipHyp=0.997665202151
GCore=0.0195079806282,1.38989706517,1.60285290836
GCore=0.00586445318017,1.95984837955,2.73032850938
****
