%chk=CO2_AM1_SRP_FDH_water.chk
%Mem=1000MB
%NProcShared=4
#P AM1=(Input,Print) opt

CO2 optimization AM1 in water
                
0 1
 C                  0.00000000    0.00000000    0.00000000
 O                  0.00000000    0.00000000    1.15575300
 O                  0.00000000    0.00000000   -1.15575300

 Method=8 CoreType=1 PeptideFC=0.0114505045 RIJScale=0.5291772086
****
C
PQN=2,2
NValence=4
F0ss=0.44882680377
F0sp=0.421195762833
F0pp=0.376950292497
F2pp=0.189727989272
G1sp=0.265672246417
ZetaOverlap=1.8099016756,1.68592213087
U=-1.91209328679,-1.45580501978
Beta=-0.578325487645,-0.283685837906
DDN=0,1,0.8233420426
DDN=1,1,0.727078844855
CoreKO=1.11389275165
KON=0,0,0,1.11436257245
KON=1,0,1,0.825741506877
KON=0,1,1,1.11424795548
KON=2,1,1,0.778700069792
EISol=-4.43743293792
EHeat=0.272316916585
Alpha=1.40096504612
DipHyp=1.64713459386
GCore=0.000788930812637,1.40077017988,3.06049113785
GCore=0.00318879339436,1.40011189663,3.4949133906
GCore=-0.00139294408135,1.40028430787,3.87511823658
GCore=-8.74649955614e-05,1.39973165334,5.00612862113
****
O
PQN=2,2
NValence=6
F0ss=0.566579045163
F0sp=0.53206319609
F0pp=0.495933829554
F2pp=0.235786349518
G1sp=0.434961624357
ZetaOverlap=3.10703049467,2.52491988304
U=-3.6631522196,-2.89949842751
Beta=-1.04591754079,-1.09710125303
DDN=0,1,0.498774892735
DDN=1,1,0.485283808338
CoreKO=0.88202841941
KON=0,0,0,0.882406212448
KON=1,0,1,0.502033734045
KON=0,1,1,0.881882620025
KON=2,1,1,0.55134342557
EISol=-11.8570597535
EHeat=0.0949536728409
Alpha=2.35761573455
DipHyp=0.997794120474
GCore=0.0195024514204,1.38992569509,1.60172953678
GCore=0.00586707718225,1.96041194997,2.73184292753
****
