%chk=CO2_AM1_SRP_FDH_water.chk
%Mem=1000MB
%NProcShared=4
#P AM1=(Input,Print) opt

CO2 optimization AM1 in water
                
0 1
 C                  0.00000000    0.00000000    0.00000000
 O                  0.00000000    0.00000000    1.15575300
 O                  0.00000000    0.00000000   -1.15575300

 Method=8 CoreType=1 PeptideFC=0.0114505045 RIJScale=0.5291772086
****
C
PQN=2,2
NValence=4
F0ss=0.448774235907
F0sp=0.421465882093
F0pp=0.376704318796
F2pp=0.189964508792
G1sp=0.265763930379
ZetaOverlap=1.80834272924,1.68443811731
U=-1.9120924679,-1.45590841321
Beta=-0.578414813977,-0.283457982422
DDN=0,1,0.823068917512
DDN=1,1,0.726710675184
CoreKO=1.11398679786
KON=0,0,0,1.11373556905
KON=1,0,1,0.824836497676
KON=0,1,1,1.1144596707
KON=2,1,1,0.778718239905
EISol=-4.43867490596
EHeat=0.272428875272
Alpha=1.40194384713
DipHyp=1.64707468894
GCore=0.00078866612261,1.40040033331,3.06184578673
GCore=0.00318782039357,1.39946478664,3.49715554682
GCore=-0.00139246625503,1.39993045498,3.8757747477
GCore=-8.75206576962e-05,1.40002304766,5.00962172939
****
O
PQN=2,2
NValence=6
F0ss=0.566714142721
F0sp=0.532209725796
F0pp=0.495926824766
F2pp=0.235852947955
G1sp=0.434392341197
ZetaOverlap=3.10849863982,2.52362232212
U=-3.66353122481,-2.9018928943
Beta=-1.04594784671,-1.09650651623
DDN=0,1,0.498820254525
DDN=1,1,0.485205448999
CoreKO=0.882555329415
KON=0,0,0,0.882674514252
KON=1,0,1,0.501589242706
KON=0,1,1,0.881990924005
KON=2,1,1,0.551567550343
EISol=-11.8467596577
EHeat=0.094951671912
Alpha=2.35565642405
DipHyp=0.997800526162
GCore=0.0195067083722,1.38990453707,1.60199209712
GCore=0.00586794797182,1.96061130882,2.72969707763
****
