%chk=CO2_AM1_SRP_FDH_water.chk
%Mem=1000MB
%NProcShared=4
#P AM1=(Input,Print) opt

CO2 optimization AM1 in water
                
0 1
 C                  0.00000000    0.00000000    0.00000000
 O                  0.00000000    0.00000000    1.15575300
 O                  0.00000000    0.00000000   -1.15575300

 Method=8 CoreType=1 PeptideFC=0.0114505045 RIJScale=0.5291772086
****
C
PQN=2,2
NValence=4
F0ss=0.44861132288
F0sp=0.421465882093
F0pp=0.376975025014
F2pp=0.189863648383
G1sp=0.265458907709
ZetaOverlap=1.80940255905,1.68456398071
U=-1.91162633026,-1.45535123586
Beta=-0.578572465762,-0.283601501989
DDN=0,1,0.823855837087
DDN=1,1,0.726503747993
CoreKO=1.11381886017
KON=0,0,0,1.11373556905
KON=1,0,1,0.824836497676
KON=0,1,1,1.11465077478
KON=2,1,1,0.778241115823
EISol=-4.43710905221
EHeat=0.272264598179
Alpha=1.40194384713
DipHyp=1.64659902211
GCore=0.000788297496293,1.40006186238,3.05982979578
GCore=0.00318991828682,1.39969281177,3.49637850744
GCore=-0.00139358094709,1.39953030856,3.87560628648
GCore=-8.7542136213e-05,1.40056588342,5.00809489198
****
O
PQN=2,2
NValence=6
F0ss=0.566777465069
F0sp=0.532337593661
F0pp=0.496050329879
F2pp=0.235844106618
G1sp=0.434591004639
ZetaOverlap=3.10949456553,2.52466036811
U=-3.66411584387,-2.90061478755
Beta=-1.04620240474,-1.09633034867
DDN=0,1,0.498821983966
DDN=1,1,0.485142437805
CoreKO=0.882159223697
KON=0,0,0,0.88236575325
KON=1,0,1,0.501688545125
KON=0,1,1,0.882211697937
KON=2,1,1,0.551688339624
EISol=-11.8507673067
EHeat=0.0949135024665
Alpha=2.35695353434
DipHyp=0.997678498307
GCore=0.0195115143679,1.39064838987,1.60246531764
GCore=0.00586641106696,1.95940556103,2.73186628462
****
