%chk=CO2_AM1_SRP_FDH_water.chk
%Mem=1000MB
%NProcShared=4
#P AM1=(Input,Print) opt

CO2 optimization AM1 in water
                
0 1
 C                  0.00000000    0.00000000    0.00000000
 O                  0.00000000    0.00000000    1.15575300
 O                  0.00000000    0.00000000   -1.15575300

 Method=8 CoreType=1 PeptideFC=0.0114505045 RIJScale=0.5291772086
****
C
PQN=2,2
NValence=4
F0ss=0.448757219928
F0sp=0.421690539256
F0pp=0.376668458075
F2pp=0.189886585227
G1sp=0.265438912485
ZetaOverlap=1.80862685732,1.6849430768
U=-1.91227874756,-1.45566987023
Beta=-0.578191916797,-0.283537668628
DDN=0,1,0.823514771333
DDN=1,1,0.726540794005
CoreKO=1.11387268283
KON=0,0,0,1.11373556905
KON=1,0,1,0.824836497676
KON=0,1,1,1.1144596707
KON=2,1,1,0.778718239905
EISol=-4.43868025305
EHeat=0.272231728818
Alpha=1.40181332418
DipHyp=1.64793834256
GCore=0.000788175100134,1.40037796172,3.06099204211
GCore=0.00318789359276,1.39959343351,3.49473389857
GCore=-0.00139220876889,1.3998644165,3.87378880903
GCore=-8.75271299826e-05,1.39994759104,5.00685642963
****
O
PQN=2,2
NValence=6
F0ss=0.566581831107
F0sp=0.53223057155
F0pp=0.495704599109
F2pp=0.235882134085
G1sp=0.434774516598
ZetaOverlap=3.10705418297,2.52295834317
U=-3.66264964351,-2.90103989407
Beta=-1.0466168931,-1.09630062822
DDN=0,1,0.498857113114
DDN=1,1,0.485281057895
CoreKO=0.882423225149
KON=0,0,0,0.882643254911
KON=1,0,1,0.501917570697
KON=0,1,1,0.882732785211
KON=2,1,1,0.551511072415
EISol=-11.8583556601
EHeat=0.0948793581896
Alpha=2.35722210962
DipHyp=0.997548368903
GCore=0.019499684299,1.39050340214,1.60346348492
GCore=0.00586900181091,1.95972018044,2.73045116619
****
