%chk=CO2_AM1_SRP_FDH_water.chk
%Mem=1000MB
%NProcShared=4
#P AM1=(Input,Print) opt

CO2 optimization AM1 in water
                
0 1
 C                  0.00000000    0.00000000    0.00000000
 O                  0.00000000    0.00000000    1.15575300
 O                  0.00000000    0.00000000   -1.15575300

 Method=8 CoreType=1 PeptideFC=0.0114505045 RIJScale=0.5291772086
****
C
PQN=2,2
NValence=4
F0ss=0.448774235907
F0sp=0.421612402364
F0pp=0.376950292497
F2pp=0.189811325807
G1sp=0.26569446499
ZetaOverlap=1.80894114198,1.68525280303
U=-1.91191365926,-1.45552419355
Beta=-0.578312105029,-0.283476542613
DDN=0,1,0.824004374454
DDN=1,1,0.727073476054
CoreKO=1.11471605601
KON=0,0,0,1.11473349103
KON=1,0,1,0.825461156403
KON=0,1,1,1.11467064766
KON=2,1,1,0.778629875888
EISol=-4.43883341472
EHeat=0.272444133993
Alpha=1.40093025797
DipHyp=1.64713459386
GCore=0.000788930812637,1.40077017988,3.06049113785
GCore=0.00318879339436,1.40011189663,3.49619787335
GCore=-0.00139294408135,1.40082183033,3.87511823658
GCore=-8.74649955614e-05,1.40027801134,5.00612862113
****
O
PQN=2,2
NValence=6
F0ss=0.566793717892
F0sp=0.532127557091
F0pp=0.495907233572
F2pp=0.235719030043
G1sp=0.434387736266
ZetaOverlap=3.10700379396,2.52393253303
U=-3.66451334014,-2.89820557914
Beta=-1.04684777873,-1.09636928115
DDN=0,1,0.498566133254
DDN=1,1,0.484831159979
CoreKO=0.882057533881
KON=0,0,0,0.882166060438
KON=1,0,1,0.501942484573
KON=0,1,1,0.882516646855
KON=2,1,1,0.551173753253
EISol=-11.8584902982
EHeat=0.0949079996593
Alpha=2.3554762291
DipHyp=0.998111532223
GCore=0.0195177168881,1.3900059672,1.60203708898
GCore=0.00586985708426,1.96030396258,2.73213466287
****
