%chk=CO2_AM1_SRP_FDH_water.chk
%Mem=1000MB
%NProcShared=4
#P AM1=(Input,Print) opt

CO2 optimization AM1 in water
                
0 1
 C                  0.00000000    0.00000000    0.00000000
 O                  0.00000000    0.00000000    1.15575300
 O                  0.00000000    0.00000000   -1.15575300

 Method=8 CoreType=1 PeptideFC=0.0114505045 RIJScale=0.5291772086
****
C
PQN=2,2
NValence=4
F0ss=0.448774235907
F0sp=0.42168818543
F0pp=0.376938344395
F2pp=0.189863648383
G1sp=0.265416155321
ZetaOverlap=1.80862685732,1.6849430768
U=-1.91227874756,-1.45566987023
Beta=-0.578581089535,-0.283848397969
DDN=0,1,0.823913117448
DDN=1,1,0.726959013111
CoreKO=1.11398679786
KON=0,0,0,1.11373556905
KON=1,0,1,0.824836497676
KON=0,1,1,1.11548905786
KON=2,1,1,0.778719855791
EISol=-4.44028169
EHeat=0.27229715219
Alpha=1.40194384713
DipHyp=1.64707468894
GCore=0.00078866612261,1.40040033331,3.06184578673
GCore=0.00318991828682,1.39969281177,3.49637850744
GCore=-0.00139358094709,1.39953030856,3.87560628648
GCore=-8.7542136213e-05,1.40056588342,5.00809489198
****
O
PQN=2,2
NValence=6
F0ss=0.567049164491
F0sp=0.532126679493
F0pp=0.495934207721
F2pp=0.235736436623
G1sp=0.434690362774
ZetaOverlap=3.10669649451,2.52482070956
U=-3.66394774837,-2.89923550394
Beta=-1.04657410334,-1.09639726787
DDN=0,1,0.499012604102
DDN=1,1,0.485100184977
CoreKO=0.882181164518
KON=0,0,0,0.882440607747
KON=1,0,1,0.501681390327
KON=0,1,1,0.882116098099
KON=2,1,1,0.551591796907
EISol=-11.8540502613
EHeat=0.0949253019887
Alpha=2.35647140208
DipHyp=0.997202979522
GCore=0.0195107529046,1.39085432067,1.60186847515
GCore=0.00586539658685,1.96106073784,2.73144439764
****
