%chk=CO2_AM1_SRP_FDH_water.chk
%Mem=1000MB
%NProcShared=4
#P AM1=(Input,Print) opt

CO2 optimization AM1 in water
                
0 1
 C                  0.00000000    0.00000000    0.00000000
 O                  0.00000000    0.00000000    1.15575300
 O                  0.00000000    0.00000000   -1.15575300

 Method=8 CoreType=1 PeptideFC=0.0114505045 RIJScale=0.5291772086
****
C
PQN=2,2
NValence=4
F0ss=0.448917328103
F0sp=0.421590218993
F0pp=0.376853100372
F2pp=0.189846120901
G1sp=0.265673235697
ZetaOverlap=1.80866688138,1.68571406144
U=-1.91151720784,-1.45510207224
Beta=-0.578265906652,-0.283622767145
DDN=0,1,0.824022841001
DDN=1,1,0.726978040672
CoreKO=1.11454156751
KON=0,0,0,1.11381246272
KON=1,0,1,0.824858577777
KON=0,1,1,1.11473577668
KON=2,1,1,0.778339475242
EISol=-4.43983651737
EHeat=0.272317392885
Alpha=1.40181428657
DipHyp=1.64749757601
GCore=0.000788389879653,1.40012146061,3.06122731263
GCore=0.00319015096992,1.40033656327,3.49613047999
GCore=-0.00139299424934,1.40036312103,3.87376055766
GCore=-8.75247114942e-05,1.39944733745,5.00713194444
****
O
PQN=2,2
NValence=6
F0ss=0.566699163583
F0sp=0.532269269373
F0pp=0.495637015775
F2pp=0.235791879267
G1sp=0.434565956041
ZetaOverlap=3.10891461869,2.52360124135
U=-3.66459533686,-2.90016240922
Beta=-1.04606657654,-1.09689352831
DDN=0,1,0.498650887286
DDN=1,1,0.485150085529
CoreKO=0.882556519838
KON=0,0,0,0.882253687249
KON=1,0,1,0.50196600431
KON=0,1,1,0.881895754496
KON=2,1,1,0.551341705296
EISol=-11.8507451145
EHeat=0.0949272653086
Alpha=2.35720436396
DipHyp=0.997711388038
GCore=0.0195175584474,1.39041009591,1.60229498121
GCore=0.00586430868454,1.95967938205,2.72942563388
****
