%chk=CO2_AM1_SRP_FDH_water.chk
%Mem=1000MB
%NProcShared=4
#P AM1=(Input,Print) opt

CO2 optimization AM1 in water
                
0 1
 C                  0.00000000    0.00000000    0.00000000
 O                  0.00000000    0.00000000    1.15575300
 O                  0.00000000    0.00000000   -1.15575300

 Method=8 CoreType=1 PeptideFC=0.0114505045 RIJScale=0.5291772086
****
C
PQN=2,2
NValence=4
F0ss=0.448642644961
F0sp=0.421409503061
F0pp=0.376934811657
F2pp=0.189832451268
G1sp=0.265564845828
ZetaOverlap=1.80920893244,1.68481588493
U=-1.91077918002,-1.45639792057
Beta=-0.578138454723,-0.283511611772
DDN=0,1,0.823456788515
DDN=1,1,0.727145672267
CoreKO=1.11450203549
KON=0,0,0,1.11386638209
KON=1,0,1,0.824950797118
KON=0,1,1,1.11487307637
KON=2,1,1,0.778107853846
EISol=-4.44042941441
EHeat=0.272273559372
Alpha=1.40133351868
DipHyp=1.64771401022
GCore=0.000788975754906,1.39981609561,3.0590703468
GCore=0.00318839051198,1.40045908426,3.497511742
GCore=-0.00139303526722,1.40017278353,3.8729354999
GCore=-8.75749788128e-05,1.40022019509,5.00869513378
****
O
PQN=2,2
NValence=6
F0ss=0.566494205117
F0sp=0.531966494328
F0pp=0.495663371623
F2pp=0.235816287319
G1sp=0.434634991747
ZetaOverlap=3.10656439314,2.52353954683
U=-3.66611188327,-2.90009186787
Beta=-1.04580876626,-1.09650565645
DDN=0,1,0.498965599275
DDN=1,1,0.485325589684
CoreKO=0.882624360732
KON=0,0,0,0.882128650188
KON=1,0,1,0.501724805371
KON=0,1,1,0.881814202538
KON=2,1,1,0.551212881145
EISol=-11.8467897043
EHeat=0.0949243657567
Alpha=2.35781922119
DipHyp=0.997195286905
GCore=0.0194990793181,1.3896264921,1.60197870328
GCore=0.00587017441608,1.96105016039,2.73132354646
****
