%chk=CO2_AM1_SRP_FDH_water.chk
%Mem=1000MB
%NProcShared=4
#P AM1=(Input,Print) opt

CO2 optimization AM1 in water
                
0 1
 C                  0.00000000    0.00000000    0.00000000
 O                  0.00000000    0.00000000    1.15575300
 O                  0.00000000    0.00000000   -1.15575300

 Method=8 CoreType=1 PeptideFC=0.0114505045 RIJScale=0.5291772086
****
C
PQN=2,2
NValence=4
F0ss=0.448827421157
F0sp=0.421639121004
F0pp=0.376732227267
F2pp=0.189818126767
G1sp=0.265438912485
ZetaOverlap=1.80862685732,1.6849430768
U=-1.91241647113,-1.45510207224
Beta=-0.578265906652,-0.283622767145
DDN=0,1,0.824153366091
DDN=1,1,0.727252848402
CoreKO=1.11480633381
KON=0,0,0,1.11419368955
KON=1,0,1,0.825635427531
KON=0,1,1,1.11476343853
KON=2,1,1,0.778393259728
EISol=-4.44010819759
EHeat=0.272284162396
Alpha=1.40158937577
DipHyp=1.64668579292
GCore=0.000788575798177,1.40012146061,3.06122731263
GCore=0.00318873590786,1.40033656327,3.49613047999
GCore=-0.00139237460787,1.40066935237,3.87262353839
GCore=-8.75247114942e-05,1.40008447985,5.00713194444
****
O
PQN=2,2
NValence=6
F0ss=0.566552376267
F0sp=0.532333396536
F0pp=0.495654155985
F2pp=0.235809896616
G1sp=0.434477947413
ZetaOverlap=3.10882234746,2.52385515666
U=-3.66372539218,-2.9014573815
Beta=-1.0462416074,-1.09730932877
DDN=0,1,0.499040854196
DDN=1,1,0.485224645615
CoreKO=0.882143346531
KON=0,0,0,0.882646422251
KON=1,0,1,0.50159620509
KON=0,1,1,0.882431646864
KON=2,1,1,0.551492113626
EISol=-11.8528133692
EHeat=0.0949229026933
Alpha=2.3578439701
DipHyp=0.997973113361
GCore=0.0195083845109,1.38981208787,1.60263016343
GCore=0.00586705388292,1.95987351016,2.7304534498
****
