%chk=CO2_AM1_SRP_FDH_water.chk
%Mem=1000MB
%NProcShared=4
#P AM1=(Input,Print) opt

CO2 optimization AM1 in water
                
0 1
 C                  0.00000000    0.00000000    0.00000000
 O                  0.00000000    0.00000000    1.15575300
 O                  0.00000000    0.00000000   -1.15575300

 Method=8 CoreType=1 PeptideFC=0.0114505045 RIJScale=0.5291772086
****
C
PQN=2,2
NValence=4
F0ss=0.44861190002
F0sp=0.421477180685
F0pp=0.376616468831
F2pp=0.189845529657
G1sp=0.265470231699
ZetaOverlap=1.80835391606,1.68442470439
U=-1.91116856668,-1.45529712463
Beta=-0.578438532908,-0.283701162756
DDN=0,1,0.823620318487
DDN=1,1,0.727047707638
CoreKO=1.11454674312
KON=0,0,0,1.11432060565
KON=1,0,1,0.825190368598
KON=0,1,1,1.11453513175
KON=2,1,1,0.778228721353
EISol=-4.44077219663
EHeat=0.272218639237
Alpha=1.40092102771
DipHyp=1.64660629679
GCore=0.000788394554315,1.39974289484,3.06188298985
GCore=0.00318834447842,1.400235105,3.49468829769
GCore=-0.0013933284114,1.40072483024,3.87436730837
GCore=-8.7527484711e-05,1.3995078723,5.00874160857
****
O
PQN=2,2
NValence=6
F0ss=0.566567140425
F0sp=0.532140860108
F0pp=0.495796333983
F2pp=0.235789852366
G1sp=0.43446664856
ZetaOverlap=3.10817283175,2.52433534971
U=-3.6654303616,-2.90185678708
Beta=-1.04592222398,-1.09725321759
DDN=0,1,0.498953274007
DDN=1,1,0.484994369108
CoreKO=0.882322486394
KON=0,0,0,0.882718452863
KON=1,0,1,0.50183539852
KON=0,1,1,0.882428727108
KON=2,1,1,0.551798549273
EISol=-11.8525383511
EHeat=0.0949461234979
Alpha=2.35619194112
DipHyp=0.99762505666
GCore=0.0195172761799,1.3898824833,1.60234509454
GCore=0.00586553885844,1.96016738276,2.73181101445
****
