%chk=CO2_AM1_SRP_FDH_water.chk
%Mem=1000MB
%NProcShared=4
#P AM1=(Input,Print) opt

CO2 optimization AM1 in water
                
0 1
 C                  0.00000000    0.00000000    0.00000000
 O                  0.00000000    0.00000000    1.15575300
 O                  0.00000000    0.00000000   -1.15575300

 Method=8 CoreType=1 PeptideFC=0.0114505045 RIJScale=0.5291772086
****
C
PQN=2,2
NValence=4
F0ss=0.448607470245
F0sp=0.421541667464
F0pp=0.376736174628
F2pp=0.189817242674
G1sp=0.265743406368
ZetaOverlap=1.80797286181,1.68452067581
U=-1.91160055854,-1.45604657135
Beta=-0.578224377774,-0.283738228153
DDN=0,1,0.823884112872
DDN=1,1,0.727047707638
CoreKO=1.1148727636
KON=0,0,0,1.11432060565
KON=1,0,1,0.825190368598
KON=0,1,1,1.11453513175
KON=2,1,1,0.778182395241
EISol=-4.44077219663
EHeat=0.272194648007
Alpha=1.40092102771
DipHyp=1.64663982102
GCore=0.000788394554315,1.39974289484,3.06188298985
GCore=0.00318763841488,1.400235105,3.49468829769
GCore=-0.0013929066013,1.4012472356,3.8759824523
GCore=-8.75024949652e-05,1.40038613187,5.00517570091
****
O
PQN=2,2
NValence=6
F0ss=0.566567140425
F0sp=0.532140860108
F0pp=0.495796333983
F2pp=0.235789852366
G1sp=0.43446664856
ZetaOverlap=3.10817283175,2.52433534971
U=-3.6654303616,-2.90185678708
Beta=-1.04592222398,-1.09725321759
DDN=0,1,0.498953274007
DDN=1,1,0.484994369108
CoreKO=0.882322486394
KON=0,0,0,0.882718452863
KON=1,0,1,0.50183539852
KON=0,1,1,0.882428727108
KON=2,1,1,0.551798549273
EISol=-11.8525383511
EHeat=0.0949461234979
Alpha=2.35619194112
DipHyp=0.99762505666
GCore=0.0195172761799,1.3898824833,1.60234509454
GCore=0.00586553885844,1.96016738276,2.73181101445
****
