%chk=CO2_AM1_SRP_FDH_water.chk
%Mem=1000MB
%NProcShared=4
#P AM1=(Input,Print) opt

CO2 optimization AM1 in water
                
0 1
 C                  0.00000000    0.00000000    0.00000000
 O                  0.00000000    0.00000000    1.15575300
 O                  0.00000000    0.00000000   -1.15575300

 Method=8 CoreType=1 PeptideFC=0.0114505045 RIJScale=0.5291772086
****
C
PQN=2,2
NValence=4
F0ss=0.44861132288
F0sp=0.421465882093
F0pp=0.376975025014
F2pp=0.189776952596
G1sp=0.265458907709
ZetaOverlap=1.80940255905,1.68456398071
U=-1.91268498562,-1.45580501978
Beta=-0.578382208439,-0.283685837906
DDN=0,1,0.823515776443
DDN=1,1,0.726494357783
CoreKO=1.11421542513
KON=0,0,0,1.11419884207
KON=1,0,1,0.824897257732
KON=0,1,1,1.11365009082
KON=2,1,1,0.778063941824
EISol=-4.43913951658
EHeat=0.272218829688
Alpha=1.40089786144
DipHyp=1.64660863819
GCore=0.000788175100134,1.40037796172,3.06099204211
GCore=0.00318789359276,1.39959343351,3.49473389857
GCore=-0.00139250477158,1.4004051943,3.87220468642
GCore=-8.75208995974e-05,1.40030923644,5.01012400676
****
O
PQN=2,2
NValence=6
F0ss=0.566754659991
F0sp=0.532337593661
F0pp=0.496050329879
F2pp=0.235844106618
G1sp=0.434564944504
ZetaOverlap=3.10892086984,2.52466036811
U=-3.66411584387,-2.90009963112
Beta=-1.04633626389,-1.09633034867
DDN=0,1,0.498821983966
DDN=1,1,0.485091354466
CoreKO=0.882533113583
KON=0,0,0,0.882606118471
KON=1,0,1,0.501688545125
KON=0,1,1,0.882639304196
KON=2,1,1,0.551694163084
EISol=-11.8507673067
EHeat=0.0949135024665
Alpha=2.35695353434
DipHyp=0.997678498307
GCore=0.0195073632012,1.39064838987,1.60317286913
GCore=0.0058681286727,1.95870067353,2.73186628462
****
