%chk=CO2_AM1_SRP_FDH_water.chk
%Mem=1000MB
%NProcShared=4
#P AM1=(Input,Print) opt

CO2 optimization AM1 in water
                
0 1
 C                  0.00000000    0.00000000    0.00000000
 O                  0.00000000    0.00000000    1.15575300
 O                  0.00000000    0.00000000   -1.15575300

 Method=8 CoreType=1 PeptideFC=0.0114505045 RIJScale=0.5291772086
****
C
PQN=2,2
NValence=4
F0ss=0.448839738674
F0sp=0.421441699639
F0pp=0.376872914291
F2pp=0.189895627508
G1sp=0.265614834354
ZetaOverlap=1.80835753705,1.68481588493
U=-1.91188126038,-1.45639792057
Beta=-0.578138454723,-0.283700800436
DDN=0,1,0.823842063392
DDN=1,1,0.727131836994
CoreKO=1.11460461572
KON=0,0,0,1.11439244634
KON=1,0,1,0.825607328371
KON=0,1,1,1.11393670395
KON=2,1,1,0.778583240811
EISol=-4.43934635425
EHeat=0.272317559324
Alpha=1.40155991357
DipHyp=1.64691927893
GCore=0.000788930812637,1.40077017988,3.06049113785
GCore=0.00318879339436,1.40011189663,3.49619787335
GCore=-0.00139339101355,1.4002869202,3.8769333794
GCore=-8.74649955614e-05,1.40027801134,5.00612862113
****
O
PQN=2,2
NValence=6
F0ss=0.566702849818
F0sp=0.531966494328
F0pp=0.495932450139
F2pp=0.23577571664
G1sp=0.434626306178
ZetaOverlap=3.10656439314,2.52345811591
U=-3.66611188327,-2.90150002825
Beta=-1.04615494821,-1.09757665763
DDN=0,1,0.498721596295
DDN=1,1,0.485325589684
CoreKO=0.882131649166
KON=0,0,0,0.882348468295
KON=1,0,1,0.501529464751
KON=0,1,1,0.881894225725
KON=2,1,1,0.551311407893
EISol=-11.8467897043
EHeat=0.0949143931564
Alpha=2.3563925401
DipHyp=0.997522374627
GCore=0.0195048120681,1.39038178275,1.60126246083
GCore=0.00586951824384,1.96153284425,2.73260848943
****
