%chk=CO2_AM1_SRP_FDH_water.chk
%Mem=1000MB
%NProcShared=4
#P AM1=(Input,Print) opt

CO2 optimization AM1 in water
                
0 1
 C                  0.00000000    0.00000000    0.00000000
 O                  0.00000000    0.00000000    1.15575300
 O                  0.00000000    0.00000000   -1.15575300

 Method=8 CoreType=1 PeptideFC=0.0114505045 RIJScale=0.5291772086
****
C
PQN=2,2
NValence=4
F0ss=0.448643873416
F0sp=0.421701426931
F0pp=0.376733924213
F2pp=0.189940705372
G1sp=0.265486150269
ZetaOverlap=1.80850752306,1.68502037596
U=-1.9120924679,-1.45642139025
Beta=-0.578450782629,-0.283457982422
DDN=0,1,0.823688579723
DDN=1,1,0.726726988785
CoreKO=1.113830519
KON=0,0,0,1.11425225048
KON=1,0,1,0.825151639195
KON=0,1,1,1.11419306658
KON=2,1,1,0.778583240811
EISol=-4.43934635425
EHeat=0.272450950372
Alpha=1.40129717946
DipHyp=1.64729651134
GCore=0.000788203952716,1.40026314789,3.06186440088
GCore=0.00319049523269,1.40024951617,3.49662281638
GCore=-0.00139332035958,1.39956426967,3.87259514162
GCore=-8.75039271566e-05,1.40012629226,5.00864735396
****
O
PQN=2,2
NValence=6
F0ss=0.566912748548
F0sp=0.531896454844
F0pp=0.496037566102
F2pp=0.235710449597
G1sp=0.434762851534
ZetaOverlap=3.1077965171,2.52324264828
U=-3.66389494188,-2.90176243304
Beta=-1.04591792048,-1.09649025982
DDN=0,1,0.498940100142
DDN=1,1,0.485120265195
CoreKO=0.881934741144
KON=0,0,0,0.88252722269
KON=1,0,1,0.501999153376
KON=0,1,1,0.882697698529
KON=2,1,1,0.551791000777
EISol=-11.8535879431
EHeat=0.0948810493255
Alpha=2.35673094735
DipHyp=0.997307984037
GCore=0.0195087707356,1.39025470267,1.60191189992
GCore=0.00586774673807,1.96021813952,2.73190076784
****
