%chk=CO2_AM1_SRP_FDH_water.chk
%Mem=1000MB
%NProcShared=4
#P AM1=(Input,Print) opt

CO2 optimization AM1 in water
                
0 1
 C                  0.00000000    0.00000000    0.00000000
 O                  0.00000000    0.00000000    1.15575300
 O                  0.00000000    0.00000000   -1.15575300

 Method=8 CoreType=1 PeptideFC=0.0114505045 RIJScale=0.5291772086
****
C
PQN=2,2
NValence=4
F0ss=0.448858641356
F0sp=0.42171304159
F0pp=0.376875134086
F2pp=0.189803400816
G1sp=0.265483024293
ZetaOverlap=1.80781145189,1.68570650807
U=-1.91243819681,-1.45518808006
Beta=-0.578554919911,-0.2835469012
DDN=0,1,0.823475985707
DDN=1,1,0.726562899129
CoreKO=1.11443078368
KON=0,0,0,1.11413138109
KON=1,0,1,0.825138591739
KON=0,1,1,1.11372209163
KON=2,1,1,0.77804400383
EISol=-4.43709820576
EHeat=0.27246271884
Alpha=1.40111427066
DipHyp=1.64792770885
GCore=0.00078892884318,1.39994621331,3.06065594564
GCore=0.00318900925693,1.39988928819,3.49622952174
GCore=-0.00139311778448,1.40022027107,3.87483542286
GCore=-8.74740026715e-05,1.39984376091,5.00827360857
****
O
PQN=2,2
NValence=6
F0ss=0.56669588861
F0sp=0.532181451995
F0pp=0.495816762966
F2pp=0.235750376597
G1sp=0.434712896287
ZetaOverlap=3.10922195679,2.52502055565
U=-3.66432335045,-2.89917709508
Beta=-1.04609839736,-1.09725878484
DDN=0,1,0.499012908433
DDN=1,1,0.485319726595
CoreKO=0.88207489317
KON=0,0,0,0.881987754428
KON=1,0,1,0.501985935166
KON=0,1,1,0.882444211876
KON=2,1,1,0.551524800593
EISol=-11.8495499635
EHeat=0.0948795684762
Alpha=2.3567402652
DipHyp=0.997797132657
GCore=0.0195160483639,1.38972976432,1.60192163038
GCore=0.00586707377953,1.96069784602,2.72969749525
****
