%chk=CO2_AM1_SRP_FDH_water.chk
%Mem=1000MB
%NProcShared=4
#P AM1=(Input,Print) opt

CO2 optimization AM1 in water
                
0 1
 C                  0.00000000    0.00000000    0.00000000
 O                  0.00000000    0.00000000    1.15575300
 O                  0.00000000    0.00000000   -1.15575300

 Method=8 CoreType=1 PeptideFC=0.0114505045 RIJScale=0.5291772086
****
C
PQN=2,2
NValence=4
F0ss=0.44861132288
F0sp=0.421465882093
F0pp=0.376975025014
F2pp=0.189776952596
G1sp=0.265458907709
ZetaOverlap=1.80940255905,1.68456398071
U=-1.91162633026,-1.45535123586
Beta=-0.578572465762,-0.283601501989
DDN=0,1,0.823690337379
DDN=1,1,0.727145672267
CoreKO=1.11377364978
KON=0,0,0,1.11413136668
KON=1,0,1,0.824950797118
KON=0,1,1,1.11435659623
KON=2,1,1,0.778474407845
EISol=-4.44042941441
EHeat=0.27221455081
Alpha=1.40133351868
DipHyp=1.64771401022
GCore=0.000788974311473,1.39981609561,3.05986690663
GCore=0.00318795336368,1.39976552554,3.497511742
GCore=-0.00139303526722,1.40017278353,3.87239062733
GCore=-8.75749788128e-05,1.40006338701,5.00869513378
****
O
PQN=2,2
NValence=6
F0ss=0.566754659991
F0sp=0.532337593661
F0pp=0.496208318704
F2pp=0.235874501866
G1sp=0.434564944504
ZetaOverlap=3.11020866717,2.52466036811
U=-3.66411584387,-2.90076782832
Beta=-1.04633626389,-1.09633034867
DDN=0,1,0.498821983966
DDN=1,1,0.484861382445
CoreKO=0.882533113583
KON=0,0,0,0.882606118471
KON=1,0,1,0.501688545125
KON=0,1,1,0.882305369359
KON=2,1,1,0.551694163084
EISol=-11.8507673067
EHeat=0.0949135024665
Alpha=2.35784192303
DipHyp=0.997678498307
GCore=0.0195073632012,1.39064838987,1.60290229029
GCore=0.0058681286727,1.95870067353,2.73186628462
****
