%chk=CO2_AM1_SRP_FDH_water.chk
%Mem=1000MB
%NProcShared=4
#P AM1=(Input,Print) opt

CO2 optimization AM1 in water
                
0 1
 C                  0.00000000    0.00000000    0.00000000
 O                  0.00000000    0.00000000    1.15575300
 O                  0.00000000    0.00000000   -1.15575300

 Method=8 CoreType=1 PeptideFC=0.0114505045 RIJScale=0.5291772086
****
C
PQN=2,2
NValence=4
F0ss=0.448711034684
F0sp=0.421415045483
F0pp=0.37673743114
F2pp=0.189908879459
G1sp=0.265481129034
ZetaOverlap=1.80876918776,1.68486334693
U=-1.91251064758,-1.45630881954
Beta=-0.578487363549,-0.283531566793
DDN=0,1,0.824029022168
DDN=1,1,0.727060954614
CoreKO=1.11470265156
KON=0,0,0,1.11440965311
KON=1,0,1,0.82496703281
KON=0,1,1,1.11401313696
KON=2,1,1,0.778702220915
EISol=-4.43883083015
EHeat=0.272247427177
Alpha=1.40143525452
DipHyp=1.64789273765
GCore=0.000788450076328,1.40036213458,3.06189962348
GCore=0.00319021922507,1.40019186992,3.49719167436
GCore=-0.00139300755313,1.39951130215,3.87539737271
GCore=-8.75108452506e-05,1.39991238429,5.00846450959
****
O
PQN=2,2
NValence=6
F0ss=0.56653822597
F0sp=0.531932296866
F0pp=0.496103703138
F2pp=0.235847876258
G1sp=0.434748061946
ZetaOverlap=3.10911077526,2.52475626925
U=-3.66611251744,-2.89938549566
Beta=-1.0463700756,-1.09640224592
DDN=0,1,0.498986324013
DDN=1,1,0.484991205262
CoreKO=0.881953889437
KON=0,0,0,0.882195006955
KON=1,0,1,0.501852578534
KON=0,1,1,0.88266381021
KON=2,1,1,0.551453412111
EISol=-11.8548296203
EHeat=0.0949578675174
Alpha=2.35643079058
DipHyp=0.998154981838
GCore=0.0195144747377,1.39002533353,1.60218941701
GCore=0.00586673845619,1.95964260791,2.72976220707
****
