%chk=CO2_AM1_SRP_FDH_water.chk
%Mem=1000MB
%NProcShared=4
#P AM1=(Input,Print) opt

CO2 optimization AM1 in water
                
0 1
 C                  0.00000000    0.00000000    0.00000000
 O                  0.00000000    0.00000000    1.15575300
 O                  0.00000000    0.00000000   -1.15575300

 Method=8 CoreType=1 PeptideFC=0.0114505045 RIJScale=0.5291772086
****
C
PQN=2,2
NValence=4
F0ss=0.448522275
F0sp=0.42124613677
F0pp=0.376694318595
F2pp=0.189868001306
G1sp=0.265672246417
ZetaOverlap=1.8099016756,1.68592213087
U=-1.91209328679,-1.45580501978
Beta=-0.578325487645,-0.283685837906
DDN=0,1,0.82341350619
DDN=1,1,0.726615553452
CoreKO=1.11430431205
KON=0,0,0,1.11483144053
KON=1,0,1,0.824894021625
KON=0,1,1,1.11495481414
KON=2,1,1,0.778063941824
EISol=-4.43913951658
EHeat=0.272163430546
Alpha=1.40030185154
DipHyp=1.64660863819
GCore=0.000788374131929,1.3997292682,3.06173324481
GCore=0.00318913989953,1.39973824406,3.49470030819
GCore=-0.00139220876889,1.3998644165,3.87378880903
GCore=-8.7527990238e-05,1.39997390562,5.01179006551
****
O
PQN=2,2
NValence=6
F0ss=0.566957669853
F0sp=0.532059057346
F0pp=0.495683509367
F2pp=0.235803374472
G1sp=0.434789434135
ZetaOverlap=3.10645650823,2.52278886477
U=-3.66571604878,-2.89914764016
Beta=-1.04618815038,-1.09656555412
DDN=0,1,0.498691866425
DDN=1,1,0.485082482704
CoreKO=0.882511711259
KON=0,0,0,0.881927520717
KON=1,0,1,0.501622793446
KON=0,1,1,0.882349129681
KON=2,1,1,0.551451218726
EISol=-11.8497122949
EHeat=0.0948902186156
Alpha=2.35708612008
DipHyp=0.998192644792
GCore=0.0195059325618,1.38965991664,1.60247222583
GCore=0.00586558142831,1.95936875016,2.73079228469
****
