%chk=CO2_AM1_SRP_FDH_water.chk
%Mem=1000MB
%NProcShared=4
#P AM1=(Input,Print) opt

CO2 optimization AM1 in water
                
0 1
 C                  0.00000000    0.00000000    0.00000000
 O                  0.00000000    0.00000000    1.15575300
 O                  0.00000000    0.00000000   -1.15575300

 Method=8 CoreType=1 PeptideFC=0.0114505045 RIJScale=0.5291772086
****
C
PQN=2,2
NValence=4
F0ss=0.44868588102
F0sp=0.421396785546
F0pp=0.376810421656
F2pp=0.189850250435
G1sp=0.26569322261
ZetaOverlap=1.8086287709,1.68521116939
U=-1.91270786459,-1.45633243691
Beta=-0.578310329198,-0.283726051629
DDN=0,1,0.82345773999
DDN=1,1,0.72676794045
CoreKO=1.11402619452
KON=0,0,0,1.11385259638
KON=1,0,1,0.824907382546
KON=0,1,1,1.11414551665
KON=2,1,1,0.778590134706
EISol=-4.44025512431
EHeat=0.272218148761
Alpha=1.40148964638
DipHyp=1.64675913003
GCore=0.000788499972596,1.40077702929,3.06218519111
GCore=0.00318985122241,1.3999980739,3.49471075835
GCore=-0.00139303659502,1.40062602649,3.87443942714
GCore=-8.74726762464e-05,1.39937688754,5.00771201514
****
O
PQN=2,2
NValence=6
F0ss=0.566633567558
F0sp=0.532053397165
F0pp=0.496072282606
F2pp=0.23579318573
G1sp=0.434765931422
ZetaOverlap=3.10874252412,2.52298010266
U=-3.66291955635,-2.89949966263
Beta=-1.04587296125,-1.09694890911
DDN=0,1,0.498654442857
DDN=1,1,0.48531878817
CoreKO=0.882673494228
KON=0,0,0,0.882019582414
KON=1,0,1,0.501915294821
KON=0,1,1,0.882187980821
KON=2,1,1,0.551466248377
EISol=-11.857357372
EHeat=0.0949177881537
Alpha=2.3557409501
DipHyp=0.997941875254
GCore=0.0195082484388,1.39033564077,1.60181332537
GCore=0.00586605129566,1.95954139567,2.73119354023
****
