%chk=CO2_AM1_SRP_FDH_water.chk
%Mem=1000MB
%NProcShared=4
#P AM1=(Input,Print) opt

CO2 optimization AM1 in water
                
0 1
 C                  0.00000000    0.00000000    0.00000000
 O                  0.00000000    0.00000000    1.15575300
 O                  0.00000000    0.00000000   -1.15575300

 Method=8 CoreType=1 PeptideFC=0.0114505045 RIJScale=0.5291772086
****
C
PQN=2,2
NValence=4
F0ss=0.448903500586
F0sp=0.421652759121
F0pp=0.376988033181
F2pp=0.189851017579
G1sp=0.265606073189
ZetaOverlap=1.80913034902,1.68566652723
U=-1.91149359779,-1.45593196208
Beta=-0.578361013334,-0.283634573558
DDN=0,1,0.823990603304
DDN=1,1,0.726968786974
CoreKO=1.11436597081
KON=0,0,0,1.11429490791
KON=1,0,1,0.824918848781
KON=0,1,1,1.11458908343
KON=2,1,1,0.77824492025
EISol=-4.43689296554
EHeat=0.272264583616
Alpha=1.40183321011
DipHyp=1.64767176745
GCore=0.000788579814468,1.40064367405,3.0618918844
GCore=0.00319026426938,1.40023759977,3.4944524515
GCore=-0.00139369871295,1.39988284035,3.87337846003
GCore=-8.74935257773e-05,1.40062589986,5.00653766185
****
O
PQN=2,2
NValence=6
F0ss=0.566588534447
F0sp=0.532303489364
F0pp=0.495933829554
F2pp=0.235786349518
G1sp=0.434809955063
ZetaOverlap=3.10703049467,2.52477826292
U=-3.6631522196,-2.89949842751
Beta=-1.04634578774,-1.0971350833
DDN=0,1,0.498758514139
DDN=1,1,0.485136642425
CoreKO=0.88202841941
KON=0,0,0,0.882295786336
KON=1,0,1,0.502033734045
KON=0,1,1,0.882167095964
KON=2,1,1,0.55134342557
EISol=-11.8570597535
EHeat=0.0949453353859
Alpha=2.35761573455
DipHyp=0.997794120474
GCore=0.0195024514204,1.38992569509,1.60172953678
GCore=0.00586754700973,1.96092639807,2.73184292753
****
