%chk=CO2_AM1_SRP_FDH_water.chk
%Mem=1000MB
%NProcShared=4
#P AM1=(Input,Print) opt

CO2 optimization AM1 in water
                
0 1
 C                  0.00000000    0.00000000    0.00000000
 O                  0.00000000    0.00000000    1.15575300
 O                  0.00000000    0.00000000   -1.15575300

 Method=8 CoreType=1 PeptideFC=0.0114505045 RIJScale=0.5291772086
****
C
PQN=2,2
NValence=4
F0ss=0.448522714411
F0sp=0.421473919861
F0pp=0.376953289096
F2pp=0.189788008746
G1sp=0.265556082167
ZetaOverlap=1.80931438167,1.68488071317
U=-1.91194101999,-1.45512952845
Beta=-0.578208530579,-0.283565032718
DDN=0,1,0.823840244316
DDN=1,1,0.727090704326
CoreKO=1.11447977653
KON=0,0,0,1.11407301298
KON=1,0,1,0.825355185057
KON=0,1,1,1.11409868937
KON=2,1,1,0.778678862507
EISol=-4.4399972742
EHeat=0.27226603024
Alpha=1.40080031611
DipHyp=1.6477201438
GCore=0.000788620562985,1.40009821556,3.06095344155
GCore=0.00318779423737,1.40011339936,3.49751037476
GCore=-0.00139370083887,1.40074662006,3.87210254836
GCore=-8.75157746799e-05,1.39956807302,5.00977342401
****
O
PQN=2,2
NValence=6
F0ss=0.566494988732
F0sp=0.531876941835
F0pp=0.495666783013
F2pp=0.235869340815
G1sp=0.434609096289
ZetaOverlap=3.10862388845,2.52430792784
U=-3.66288655327,-2.90009482687
Beta=-1.04613860273,-1.09646829157
DDN=0,1,0.498680000914
DDN=1,1,0.485066431741
CoreKO=0.88261570497
KON=0,0,0,0.882218193659
KON=1,0,1,0.501874142052
KON=0,1,1,0.882187437081
KON=2,1,1,0.551584121055
EISol=-11.8538338197
EHeat=0.0948940192994
Alpha=2.35613994039
DipHyp=0.997415829723
GCore=0.0195060097671,1.3901300969,1.60190571538
GCore=0.00586819225612,1.95945140553,2.73204541731
****
