%chk=CO2_AM1_SRP_FDH_water.chk
%Mem=1000MB
%NProcShared=4
#P AM1=(Input,Print) opt

CO2 optimization AM1 in water
                
0 1
 C                  0.00000000    0.00000000    0.00000000
 O                  0.00000000    0.00000000    1.15575300
 O                  0.00000000    0.00000000   -1.15575300

 Method=8 CoreType=1 PeptideFC=0.0114505045 RIJScale=0.5291772086
****
C
PQN=2,2
NValence=4
F0ss=0.448529171644
F0sp=0.421365796575
F0pp=0.376986749595
F2pp=0.189933822857
G1sp=0.265544513301
ZetaOverlap=1.809503554,1.68454697831
U=-1.91270047061,-1.45534744685
Beta=-0.578296052662,-0.28359859669
DDN=0,1,0.823552187954
DDN=1,1,0.726567975221
CoreKO=1.1140274923
KON=0,0,0,1.11458182939
KON=1,0,1,0.825576478774
KON=0,1,1,1.1145316424
KON=2,1,1,0.778119634557
EISol=-4.43805696469
EHeat=0.272307480662
Alpha=1.40163396405
DipHyp=1.64661581119
GCore=0.000788936876834,1.39956317043,3.06018207412
GCore=0.00318849661441,1.40000986212,3.49453860814
GCore=-0.0013932951207,1.39985177549,3.8723633204
GCore=-8.75359241823e-05,1.40016313262,5.00762863112
****
O
PQN=2,2
NValence=6
F0ss=0.566770224956
F0sp=0.532240659273
F0pp=0.495678735766
F2pp=0.235830074862
G1sp=0.434586658483
ZetaOverlap=3.10934492466,2.52321882773
U=-3.66591620791,-2.9006306421
Beta=-1.04623526569,-1.09726449186
DDN=0,1,0.49870929949
DDN=1,1,0.485438638688
CoreKO=0.882105083293
KON=0,0,0,0.882069728021
KON=1,0,1,0.501683765523
KON=0,1,1,0.88211354874
KON=2,1,1,0.551634447002
EISol=-11.8472021081
EHeat=0.0948723356159
Alpha=2.35642880284
DipHyp=0.998004827646
GCore=0.0195135470866,1.3902012307,1.60188133413
GCore=0.00586486063888,1.95966012259,2.73032789959
****
