%chk=CO2_AM1_SRP_FDH_water.chk
%Mem=1000MB
%NProcShared=4
#P AM1=(Input,Print) opt

CO2 optimization AM1 in water
                
0 1
 C                  0.00000000    0.00000000    0.00000000
 O                  0.00000000    0.00000000    1.15575300
 O                  0.00000000    0.00000000   -1.15575300

 Method=8 CoreType=1 PeptideFC=0.0114505045 RIJScale=0.5291772086
****
C
PQN=2,2
NValence=4
F0ss=0.448650380661
F0sp=0.421474193291
F0pp=0.376690619134
F2pp=0.189950209306
G1sp=0.265566055297
ZetaOverlap=1.80786726205,1.68477400844
U=-1.91171326029,-1.45539817752
Beta=-0.57825958033,-0.283569706436
DDN=0,1,0.82376201371
DDN=1,1,0.72712846886
CoreKO=1.11385086442
KON=0,0,0,1.11450470243
KON=1,0,1,0.824918848781
KON=0,1,1,1.11458908343
KON=2,1,1,0.77824492025
EISol=-4.43689296554
EHeat=0.272247478636
Alpha=1.40189484247
DipHyp=1.64807283572
GCore=0.000788479323971,1.40064367405,3.06122466044
GCore=0.00319026426938,1.40071531017,3.4944524515
GCore=-0.00139362646455,1.4003992451,3.87337846003
GCore=-8.74935257773e-05,1.40031441587,5.00653766185
****
O
PQN=2,2
NValence=6
F0ss=0.566579045163
F0sp=0.53206319609
F0pp=0.495933829554
F2pp=0.235786349518
G1sp=0.434961624357
ZetaOverlap=3.10703049467,2.52491988304
U=-3.6631522196,-2.89949842751
Beta=-1.04591754079,-1.09710125303
DDN=0,1,0.498774892735
DDN=1,1,0.485283808338
CoreKO=0.88202841941
KON=0,0,0,0.882406212448
KON=1,0,1,0.502033734045
KON=0,1,1,0.881882620025
KON=2,1,1,0.55134342557
EISol=-11.8570597535
EHeat=0.0949536728409
Alpha=2.35761573455
DipHyp=0.997794120474
GCore=0.0195024514204,1.38992569509,1.60172953678
GCore=0.00586707718225,1.96041194997,2.73184292753
****
