%chk=CO2_AM1_SRP_FDH_water.chk
%Mem=1000MB
%NProcShared=4
#P AM1=(Input,Print) opt

CO2 optimization AM1 in water
                
0 1
 C                  0.00000000    0.00000000    0.00000000
 O                  0.00000000    0.00000000    1.15575300
 O                  0.00000000    0.00000000   -1.15575300

 Method=8 CoreType=1 PeptideFC=0.0114505045 RIJScale=0.5291772086
****
C
PQN=2,2
NValence=4
F0ss=0.448774235907
F0sp=0.421786902089
F0pp=0.376938344395
F2pp=0.189886585227
G1sp=0.265438912485
ZetaOverlap=1.8084631039,1.68574576674
U=-1.91268498562,-1.45620047732
Beta=-0.578382208439,-0.283685837906
DDN=0,1,0.823514771333
DDN=1,1,0.727078844855
CoreKO=1.11389275165
KON=0,0,0,1.11436257245
KON=1,0,1,0.825523924069
KON=0,1,1,1.11465726429
KON=2,1,1,0.778472043749
EISol=-4.44009693192
EHeat=0.27229715219
Alpha=1.40172319232
DipHyp=1.64662483876
GCore=0.000788700547249,1.40069365068,3.05971070248
GCore=0.00318789359276,1.39959343351,3.49473389857
GCore=-0.00139220876889,1.3998644165,3.87378880903
GCore=-8.7527990238e-05,1.39997390562,5.00989011253
****
O
PQN=2,2
NValence=6
F0ss=0.566716121564
F0sp=0.531889439648
F0pp=0.496092533178
F2pp=0.235745954311
G1sp=0.43480597166
ZetaOverlap=3.10784125905,2.52439415472
U=-3.66388722335,-2.90236465215
Beta=-1.0465810877,-1.09645223775
DDN=0,1,0.498983189325
DDN=1,1,0.485647152571
CoreKO=0.882452997114
KON=0,0,0,0.882516143335
KON=1,0,1,0.501874250463
KON=0,1,1,0.882232178703
KON=2,1,1,0.5515228212
EISol=-11.8467643275
EHeat=0.0949384317208
Alpha=2.3570110894
DipHyp=0.997634906454
GCore=0.019520345535,1.39024949441,1.60236038869
GCore=0.00586981648898,1.96032854335,2.73108365423
****
