%chk=CO2_AM1_SRP_FDH_water.chk
%Mem=1000MB
%NProcShared=4
#P AM1=(Input,Print) opt

CO2 optimization AM1 in water
                
0 1
 C                  0.00000000    0.00000000    0.00000000
 O                  0.00000000    0.00000000    1.15575300
 O                  0.00000000    0.00000000   -1.15575300

 Method=8 CoreType=1 PeptideFC=0.0114505045 RIJScale=0.5291772086
****
C
PQN=2,2
NValence=4
F0ss=0.448622312738
F0sp=0.421554308276
F0pp=0.376775067895
F2pp=0.189919289719
G1sp=0.265469014387
ZetaOverlap=1.80847357687,1.68481588493
U=-1.9116531517,-1.45639792057
Beta=-0.578138454723,-0.283511611772
DDN=0,1,0.823690337379
DDN=1,1,0.727145672267
CoreKO=1.11394716734
KON=0,0,0,1.11386638209
KON=1,0,1,0.824950797118
KON=0,1,1,1.11435659623
KON=2,1,1,0.778474407845
EISol=-4.44042941441
EHeat=0.27221455081
Alpha=1.40133351868
DipHyp=1.64771401022
GCore=0.000788974311473,1.39981609561,3.05986690663
GCore=0.00318795336368,1.39976552554,3.497511742
GCore=-0.00139358094709,1.39953030856,3.87560628648
GCore=-8.7542136213e-05,1.40056588342,5.00809489198
****
O
PQN=2,2
NValence=6
F0ss=0.566552376267
F0sp=0.532333396536
F0pp=0.495654155985
F2pp=0.235730087018
G1sp=0.434477947413
ZetaOverlap=3.10882234746,2.52385515666
U=-3.66372539218,-2.9014573815
Beta=-1.0462416074,-1.09707630507
DDN=0,1,0.499040854196
DDN=1,1,0.485224645615
CoreKO=0.882143346531
KON=0,0,0,0.882646422251
KON=1,0,1,0.501686708986
KON=0,1,1,0.882768464138
KON=2,1,1,0.551492113626
EISol=-11.8528133692
EHeat=0.0949229026933
Alpha=2.3578439701
DipHyp=0.998269870007
GCore=0.0195083845109,1.38981208787,1.60263016343
GCore=0.00586705388292,1.95987328666,2.7304534498
****
